18 0.839063 0.501563 0.209375 0.215625
14 0.798438 0.294531 0.143750 0.195312
14 0.635156 0.354687 0.154688 0.228125
18 0.705469 0.668750 0.154688 0.225000
9 0.469531 0.832031 0.179688 0.217188
9 0.225000 0.849219 0.146875 0.282813
2 0.252344 0.506250 0.235937 0.350000
8 0.400781 0.362500 0.101562 0.190625
8 0.142187 0.392188 0.112500 0.193750
25 0.294531 0.196875 0.139063 0.228125
25 0.506250 0.527344 0.143750 0.226562
12 0.507812 0.158594 0.084375 0.145313
12 0.531250 0.087500 0.081250 0.118750
