18 0.815625 0.477344 0.228125 0.229687
14 0.791406 0.267188 0.160938 0.206250
14 0.623437 0.314063 0.175000 0.237500
18 0.671875 0.633594 0.175000 0.235937
9 0.423438 0.775781 0.200000 0.229687
9 0.175781 0.785156 0.176563 0.314063
2 0.232031 0.435937 0.267188 0.365625
8 0.389844 0.303125 0.117188 0.196875
8 0.129688 0.311719 0.131250 0.201563
25 0.296875 0.128906 0.159375 0.235937
25 0.482031 0.476562 0.164062 0.234375
12 0.512500 0.107813 0.096875 0.150000
12 0.539844 0.050781 0.089063 0.101562
