18 0.175000 0.496094 0.243750 0.248438
14 0.182812 0.281250 0.175000 0.218750
14 0.357812 0.315625 0.190625 0.250000
18 0.335938 0.646094 0.190625 0.248438
9 0.602344 0.774219 0.214062 0.245312
9 0.857812 0.765625 0.196875 0.328125
2 0.770312 0.412500 0.290625 0.387500
8 0.596875 0.287500 0.131250 0.206250
8 0.864062 0.278125 0.143750 0.212500
25 0.678125 0.112500 0.175000 0.225000
25 0.516406 0.471875 0.179688 0.246875
12 0.454688 0.097656 0.106250 0.157812
12 0.422656 0.046875 0.092188 0.093750
