15 0.367188 0.867188 0.093750 0.128125
13 0.297656 0.685937 0.189062 0.253125
17 0.407813 0.594531 0.109375 0.154688
0 0.459375 0.773438 0.090625 0.115625
3 0.341406 0.519531 0.157812 0.151562
21 0.508594 0.515625 0.082812 0.115625
10 0.614062 0.722656 0.103125 0.173437
23 0.786719 0.636719 0.173437 0.176563
16 0.691406 0.524219 0.098437 0.173437
7 0.587500 0.626563 0.181250 0.203125
22 0.698438 0.277344 0.081250 0.101562
20 0.580469 0.186719 0.110937 0.304688
4 0.417187 0.287500 0.096875 0.206250
6 0.330469 0.357031 0.085938 0.135937
24 0.274219 0.367969 0.095312 0.145313
15 0.377344 0.148438 0.060937 0.078125
0 0.364844 0.098437 0.060937 0.081250
22 0.489844 0.123438 0.076563 0.068750
15 0.273438 0.092969 0.115625 0.110937
