15 0.496875 0.851562 0.100000 0.131250
13 0.388281 0.687500 0.198437 0.259375
17 0.475781 0.575000 0.114062 0.156250
0 0.567187 0.742969 0.093750 0.117188
3 0.394531 0.514844 0.164062 0.157812
21 0.558594 0.479687 0.085938 0.118750
10 0.707812 0.663281 0.109375 0.176563
23 0.860156 0.545312 0.176563 0.181250
16 0.740625 0.451562 0.106250 0.175000
7 0.659375 0.573438 0.187500 0.206250
22 0.693750 0.207813 0.084375 0.103125
20 0.554688 0.148438 0.121875 0.290625
4 0.417187 0.271875 0.106250 0.209375
6 0.347656 0.357031 0.092188 0.139063
24 0.295312 0.379688 0.100000 0.150000
15 0.348438 0.143750 0.062500 0.078125
0 0.324219 0.097656 0.064062 0.082812
22 0.453906 0.096094 0.079687 0.070312
15 0.233594 0.108594 0.117188 0.114062
