15 0.365625 0.836719 0.103125 0.129688
13 0.308594 0.657031 0.204687 0.257812
17 0.421875 0.577344 0.118750 0.157812
0 0.459375 0.757031 0.096875 0.117188
3 0.362500 0.498437 0.165625 0.159375
21 0.524219 0.510156 0.089063 0.117188
10 0.613281 0.721094 0.114062 0.173437
23 0.787500 0.653125 0.181250 0.181250
16 0.702344 0.535156 0.110937 0.173437
7 0.592969 0.625781 0.189062 0.207813
22 0.726562 0.296875 0.087500 0.103125
20 0.617188 0.197656 0.134375 0.298438
4 0.451562 0.280469 0.112500 0.207813
6 0.363281 0.340625 0.095312 0.137500
24 0.308594 0.346094 0.104688 0.148438
15 0.422656 0.142969 0.064062 0.079687
0 0.414062 0.092969 0.065625 0.082812
22 0.534375 0.128125 0.081250 0.071875
15 0.326562 0.078906 0.118750 0.114062
