23 0.204687 0.606250 0.175000 0.184375
16 0.300000 0.494531 0.096875 0.173437
10 0.365625 0.691406 0.093750 0.167187
17 0.581250 0.575781 0.112500 0.157812
21 0.481250 0.492188 0.087500 0.125000
3 0.647656 0.503906 0.157812 0.151562
13 0.685937 0.677344 0.200000 0.254688
0 0.517969 0.750781 0.104688 0.120313
15 0.606250 0.850000 0.090625 0.125000
22 0.308594 0.250000 0.067187 0.100000
20 0.429688 0.160156 0.109375 0.298438
4 0.589063 0.268750 0.096875 0.221875
6 0.672656 0.335938 0.089063 0.137500
24 0.731250 0.348438 0.096875 0.146875
22 0.521875 0.095312 0.071875 0.065625
15 0.637500 0.125000 0.059375 0.075000
0 0.653125 0.070312 0.056250 0.068750
16 0.746094 0.058594 0.114062 0.085938
