23 0.839063 0.613281 0.184375 0.192188
16 0.739062 0.495312 0.100000 0.181250
10 0.669531 0.703906 0.101562 0.173437
17 0.442188 0.585938 0.118750 0.165625
21 0.547656 0.496094 0.092188 0.132812
3 0.371875 0.509375 0.168750 0.159375
13 0.332031 0.692187 0.210938 0.265625
0 0.508594 0.767969 0.107813 0.126562
15 0.416406 0.874219 0.095312 0.129688
22 0.729688 0.237500 0.071875 0.103125
20 0.600781 0.153125 0.114062 0.296875
4 0.433594 0.260937 0.101562 0.234375
6 0.344531 0.332813 0.095312 0.143750
24 0.284375 0.347656 0.100000 0.154688
22 0.504687 0.077344 0.075000 0.067187
15 0.383594 0.110937 0.064062 0.078125
0 0.367188 0.053906 0.059375 0.070312
16 0.267969 0.043750 0.120313 0.087500
