23 0.222656 0.571094 0.160938 0.170313
16 0.326562 0.476562 0.087500 0.162500
10 0.365625 0.675781 0.087500 0.157812
17 0.585156 0.595313 0.104688 0.150000
21 0.500781 0.501563 0.079687 0.118750
3 0.657813 0.534375 0.150000 0.140625
13 0.672656 0.706250 0.185938 0.237500
0 0.503906 0.752344 0.095312 0.114062
15 0.575000 0.860156 0.084375 0.117188
22 0.365625 0.246094 0.062500 0.092188
20 0.491406 0.176563 0.095312 0.284375
4 0.629687 0.302344 0.087500 0.210938
6 0.702344 0.378125 0.082812 0.128125
24 0.756250 0.399219 0.087500 0.139063
22 0.588281 0.127344 0.067187 0.060937
15 0.694531 0.172656 0.054688 0.070312
0 0.715625 0.121875 0.053125 0.062500
16 0.804688 0.124219 0.106250 0.079687
