24 0.767969 0.757812 0.101562 0.143750
6 0.732031 0.692187 0.092188 0.143750
4 0.709375 0.553906 0.103125 0.198437
3 0.593750 0.768750 0.162500 0.203125
17 0.477344 0.727344 0.107813 0.139063
15 0.297656 0.898438 0.082812 0.109375
0 0.325781 0.764062 0.082812 0.109375
13 0.481250 0.900781 0.190625 0.185938
7 0.388281 0.589844 0.145313 0.160938
10 0.282813 0.600781 0.081250 0.164062
23 0.291406 0.456250 0.089063 0.131250
16 0.379688 0.454688 0.075000 0.137500
22 0.537500 0.325781 0.090625 0.092188
20 0.660937 0.342969 0.128125 0.279687
19 0.546094 0.434375 0.232813 0.278125
15 0.917188 0.519531 0.065625 0.079687
22 0.843750 0.396094 0.087500 0.089063
