24 0.254688 0.789062 0.131250 0.168750
6 0.285156 0.713281 0.120313 0.167187
4 0.287500 0.558594 0.140625 0.229687
3 0.447656 0.781250 0.207813 0.240625
17 0.568750 0.723437 0.137500 0.165625
15 0.790625 0.890625 0.106250 0.128125
0 0.740625 0.744531 0.103125 0.126562
13 0.587500 0.900781 0.231250 0.198437
7 0.645312 0.561719 0.181250 0.192188
10 0.764062 0.561719 0.112500 0.189062
23 0.732812 0.403125 0.115625 0.156250
16 0.635156 0.411719 0.101562 0.157812
22 0.443750 0.288281 0.112500 0.114062
20 0.309375 0.322656 0.181250 0.317188
19 0.450000 0.408594 0.293750 0.332813
15 0.055469 0.545312 0.082812 0.093750
22 0.116406 0.401562 0.107813 0.106250
