24 0.803125 0.769531 0.128125 0.164062
6 0.770312 0.695312 0.115625 0.165625
4 0.762500 0.542188 0.134375 0.225000
3 0.610938 0.764844 0.200000 0.235937
17 0.489844 0.710156 0.132812 0.160938
15 0.277344 0.878906 0.104688 0.126562
0 0.321094 0.735156 0.101562 0.126562
13 0.476562 0.893750 0.228125 0.209375
7 0.409375 0.551562 0.175000 0.190625
10 0.291406 0.553125 0.104688 0.184375
23 0.316406 0.397656 0.110937 0.151562
16 0.413281 0.403906 0.098437 0.154688
22 0.598437 0.278125 0.109375 0.109375
20 0.732031 0.310156 0.170313 0.314063
19 0.596094 0.396875 0.285938 0.325000
15 0.975781 0.522656 0.048438 0.089063
22 0.925781 0.384375 0.104688 0.106250
