20 0.670312 0.236719 0.171875 0.314063
4 0.757812 0.457813 0.137500 0.209375
21 0.525781 0.542188 0.085938 0.115625
15 0.381250 0.898438 0.100000 0.118750
0 0.387500 0.750000 0.103125 0.125000
17 0.533594 0.682813 0.142187 0.159375
23 0.297656 0.423438 0.101562 0.146875
10 0.309375 0.582812 0.103125 0.162500
7 0.421094 0.554688 0.164062 0.190625
22 0.528906 0.242969 0.107813 0.104688
19 0.551562 0.350781 0.290625 0.339062
24 0.855469 0.671875 0.126562 0.162500
6 0.802344 0.606250 0.120313 0.159375
15 0.969531 0.385156 0.057813 0.089063
22 0.884375 0.257812 0.112500 0.118750
15 0.389844 0.409375 0.089063 0.150000
3 0.668750 0.713281 0.196875 0.235937
13 0.567969 0.867969 0.214062 0.223438
