20 0.329688 0.292969 0.140625 0.301563
4 0.266406 0.522656 0.117188 0.198437
21 0.505469 0.580469 0.076563 0.107813
15 0.685156 0.915625 0.089063 0.109375
0 0.663281 0.770312 0.089063 0.115625
17 0.512500 0.719531 0.131250 0.145313
23 0.718750 0.437500 0.087500 0.137500
10 0.723437 0.596094 0.087500 0.154688
7 0.610156 0.581250 0.148438 0.178125
22 0.471094 0.284375 0.098437 0.096875
19 0.458594 0.392969 0.260937 0.314063
24 0.192188 0.743750 0.112500 0.150000
6 0.238281 0.673438 0.104688 0.150000
15 0.037500 0.471094 0.075000 0.085938
22 0.121094 0.338281 0.101562 0.110937
15 0.625781 0.433594 0.076563 0.142187
3 0.381250 0.765625 0.175000 0.218750
13 0.496094 0.901563 0.195312 0.196875
