20 0.674219 0.299219 0.120313 0.282813
4 0.721094 0.519531 0.101562 0.182812
21 0.490625 0.562500 0.068750 0.100000
15 0.297656 0.874219 0.079687 0.101562
0 0.327344 0.735938 0.079687 0.106250
17 0.475781 0.695312 0.117188 0.134375
23 0.296094 0.417187 0.079687 0.128125
10 0.282031 0.567969 0.076563 0.145313
7 0.390625 0.558594 0.134375 0.160938
22 0.541406 0.282813 0.092188 0.087500
19 0.546094 0.387500 0.232813 0.287500
24 0.778125 0.734375 0.100000 0.137500
6 0.738281 0.665625 0.092188 0.137500
15 0.943750 0.483594 0.071875 0.079687
22 0.870313 0.351562 0.090625 0.100000
15 0.385156 0.417187 0.067187 0.134375
3 0.596094 0.746094 0.157812 0.201563
13 0.477344 0.874219 0.176563 0.185938
