24 0.769531 0.772656 0.107813 0.157812
6 0.743750 0.686719 0.100000 0.148438
4 0.754687 0.525000 0.109375 0.209375
3 0.575781 0.729688 0.182812 0.240625
13 0.427344 0.821875 0.201563 0.221875
15 0.256250 0.767969 0.087500 0.110937
0 0.310937 0.650781 0.084375 0.110937
17 0.457813 0.650000 0.115625 0.146875
21 0.510156 0.511719 0.073438 0.101562
7 0.410938 0.488281 0.125000 0.173437
10 0.302344 0.472656 0.095312 0.157812
23 0.350781 0.323437 0.082812 0.128125
16 0.430469 0.338281 0.073438 0.148438
22 0.962500 0.388281 0.075000 0.123438
20 0.753906 0.278906 0.154688 0.323437
22 0.621875 0.234375 0.103125 0.096875
