24 0.190625 0.701562 0.128125 0.168750
6 0.239063 0.625000 0.118750 0.162500
4 0.271094 0.461719 0.135937 0.223438
3 0.392969 0.714063 0.210938 0.262500
13 0.515625 0.846094 0.228125 0.248438
15 0.697656 0.839063 0.101562 0.121875
0 0.673438 0.708594 0.096875 0.120313
17 0.528906 0.667969 0.132812 0.160938
21 0.514844 0.517188 0.085938 0.109375
7 0.618750 0.521875 0.146875 0.190625
10 0.730469 0.535937 0.114062 0.168750
23 0.721875 0.375000 0.100000 0.140625
16 0.638281 0.368750 0.092188 0.156250
22 0.086719 0.266406 0.120313 0.139063
20 0.335156 0.219531 0.195312 0.342187
22 0.477344 0.213281 0.114062 0.107813
