24 0.263281 0.771094 0.110937 0.157812
6 0.285938 0.686719 0.103125 0.148438
4 0.271094 0.527344 0.114062 0.207813
3 0.452344 0.728906 0.185938 0.239063
13 0.600781 0.817969 0.201563 0.223438
15 0.767188 0.764062 0.087500 0.109375
0 0.710156 0.649219 0.085938 0.110937
17 0.566406 0.649219 0.117188 0.145313
21 0.511719 0.513281 0.073438 0.101562
7 0.608594 0.489844 0.126562 0.173437
10 0.715625 0.473438 0.096875 0.156250
23 0.663281 0.327344 0.085938 0.129688
16 0.585156 0.342969 0.076563 0.145313
22 0.051562 0.394531 0.100000 0.123438
20 0.265625 0.285156 0.159375 0.320312
22 0.394531 0.241406 0.104688 0.095312
