22 0.275781 0.748437 0.107813 0.109375
15 0.425000 0.725781 0.068750 0.085938
0 0.432031 0.793750 0.082812 0.103125
16 0.546094 0.758594 0.139063 0.110937
24 0.531250 0.501563 0.062500 0.115625
6 0.490625 0.494531 0.062500 0.110937
4 0.426563 0.485156 0.078125 0.164062
21 0.387500 0.414844 0.059375 0.079687
20 0.283594 0.460938 0.132812 0.253125
22 0.217188 0.426563 0.081250 0.090625
15 0.484375 0.336719 0.043750 0.051562
10 0.371875 0.315625 0.056250 0.106250
17 0.454688 0.384375 0.062500 0.078125
13 0.514844 0.392188 0.098437 0.087500
