22 0.625781 0.815625 0.104688 0.103125
15 0.495312 0.746875 0.065625 0.081250
0 0.467969 0.807031 0.079687 0.098437
16 0.373437 0.739062 0.134375 0.106250
24 0.467969 0.505469 0.057813 0.110937
6 0.506250 0.510938 0.059375 0.109375
4 0.569531 0.523438 0.073438 0.159375
21 0.626563 0.469531 0.056250 0.076563
20 0.710156 0.544531 0.123438 0.245312
22 0.781250 0.532813 0.078125 0.087500
15 0.561719 0.367188 0.042188 0.050000
10 0.672656 0.382812 0.051562 0.103125
17 0.575000 0.420312 0.059375 0.075000
13 0.516406 0.409375 0.095312 0.084375
