22 0.646094 0.804688 0.101562 0.100000
15 0.510938 0.743750 0.062500 0.081250
0 0.485938 0.806250 0.075000 0.096875
16 0.385937 0.742969 0.131250 0.101562
24 0.468750 0.502344 0.053125 0.110937
6 0.507812 0.507031 0.053125 0.107813
4 0.571875 0.515625 0.065625 0.159375
21 0.627344 0.457813 0.054688 0.075000
20 0.713281 0.528906 0.110937 0.245312
22 0.785156 0.512500 0.073438 0.084375
15 0.554688 0.358594 0.040625 0.048438
10 0.667188 0.367188 0.046875 0.103125
17 0.570312 0.411719 0.056250 0.073438
13 0.511719 0.403125 0.092188 0.081250
