23 0.231250 0.535156 0.140625 0.148438
10 0.307031 0.378125 0.079687 0.143750
16 0.315625 0.482812 0.081250 0.121875
22 0.418750 0.633594 0.106250 0.135937
22 0.864844 0.802344 0.148438 0.142187
15 0.904687 0.634375 0.081250 0.103125
0 0.968750 0.661719 0.046875 0.101562
4 0.635938 0.452344 0.100000 0.207813
3 0.556250 0.377344 0.125000 0.107813
17 0.471094 0.361719 0.089063 0.114062
0 0.382812 0.350000 0.062500 0.081250
15 0.401562 0.300781 0.053125 0.064062
19 0.418750 0.635156 0.343750 0.410938
