23 0.778125 0.553125 0.137500 0.146875
10 0.682813 0.396875 0.071875 0.146875
16 0.685156 0.506250 0.076563 0.125000
22 0.590625 0.675781 0.100000 0.135937
22 0.138281 0.892969 0.145313 0.139063
15 0.079687 0.718750 0.078125 0.103125
0 0.021094 0.757812 0.026562 0.100000
4 0.345313 0.503906 0.087500 0.214062
3 0.421875 0.418750 0.125000 0.106250
17 0.509375 0.392969 0.084375 0.114062
0 0.600781 0.373437 0.057813 0.081250
15 0.578125 0.324219 0.053125 0.064062
19 0.590625 0.675781 0.331250 0.410938
