4 0.813281 0.314063 0.110937 0.231250
17 0.778906 0.460156 0.114062 0.160938
0 0.694531 0.586719 0.089063 0.107813
23 0.666406 0.402344 0.135937 0.145313
22 0.585156 0.336719 0.089063 0.092188
15 0.562500 0.275781 0.056250 0.073438
16 0.461719 0.239063 0.064062 0.165625
3 0.464062 0.425000 0.068750 0.206250
19 0.296875 0.553906 0.409375 0.332813
20 0.303906 0.321875 0.145313 0.318750
13 0.199219 0.175781 0.129688 0.101562
3 0.112500 0.107031 0.087500 0.129688
5 0.567969 0.694531 0.267188 0.370312
21 0.573438 0.510156 0.081250 0.117188
0 0.060937 0.099219 0.050000 0.067187
