4 0.864844 0.307031 0.142187 0.254688
17 0.796875 0.450781 0.137500 0.182812
0 0.679688 0.565625 0.106250 0.125000
23 0.690625 0.367188 0.159375 0.168750
22 0.619531 0.278906 0.104688 0.107813
15 0.609375 0.210938 0.065625 0.084375
16 0.511719 0.150000 0.085938 0.181250
3 0.474219 0.344531 0.095312 0.226562
19 0.271094 0.442188 0.467187 0.396875
20 0.328125 0.201563 0.187500 0.353125
13 0.248438 0.042969 0.146875 0.082812
5 0.524219 0.649219 0.320312 0.420312
21 0.571094 0.459375 0.098437 0.134375
