4 0.175000 0.291406 0.112500 0.245312
17 0.224219 0.447656 0.117188 0.170313
0 0.325000 0.579688 0.093750 0.112500
23 0.340625 0.380469 0.140625 0.154688
22 0.424219 0.304688 0.095312 0.096875
15 0.442969 0.237500 0.057813 0.078125
16 0.547656 0.192969 0.064062 0.176563
3 0.559375 0.392969 0.065625 0.223438
19 0.749219 0.523438 0.432812 0.346875
20 0.724219 0.274219 0.145313 0.339062
13 0.827344 0.112500 0.135937 0.103125
3 0.914844 0.055469 0.089063 0.092188
5 0.468750 0.687500 0.275000 0.390625
21 0.448437 0.491406 0.084375 0.123438
0 0.967187 0.033594 0.050000 0.045312
