0 0.242188 0.635156 0.103125 0.123438
21 0.340625 0.508594 0.090625 0.145313
5 0.400781 0.700781 0.260937 0.414062
23 0.198437 0.412500 0.159375 0.140625
17 0.096875 0.517969 0.137500 0.173437
4 0.038281 0.361719 0.073438 0.270313
22 0.266406 0.305469 0.098437 0.098437
15 0.274219 0.228125 0.067187 0.084375
16 0.375000 0.157031 0.081250 0.185938
3 0.440625 0.361719 0.081250 0.217188
10 0.509375 0.229687 0.065625 0.184375
20 0.585938 0.215625 0.140625 0.362500
19 0.632812 0.450000 0.434375 0.406250
