0 0.317188 0.566406 0.106250 0.126562
21 0.414844 0.435937 0.092188 0.146875
5 0.478906 0.625781 0.270313 0.420312
23 0.268750 0.342187 0.162500 0.146875
17 0.170313 0.451562 0.143750 0.178125
4 0.075000 0.300000 0.146875 0.275000
22 0.335156 0.235156 0.101562 0.101562
15 0.340625 0.157031 0.068750 0.085938
16 0.438281 0.088281 0.082812 0.176563
3 0.509375 0.284375 0.087500 0.218750
10 0.575000 0.150781 0.068750 0.185938
20 0.651563 0.159375 0.146875 0.318750
19 0.705469 0.368750 0.442188 0.418750
