0 0.289844 0.609375 0.107813 0.121875
21 0.371094 0.482812 0.095312 0.143750
5 0.442188 0.656250 0.278125 0.406250
23 0.228906 0.404687 0.160938 0.143750
17 0.145313 0.513281 0.143750 0.173437
4 0.062500 0.376563 0.118750 0.262500
22 0.284375 0.300781 0.100000 0.098437
15 0.283594 0.228906 0.070312 0.085938
16 0.371094 0.152344 0.092188 0.179688
3 0.449219 0.337500 0.095312 0.206250
10 0.502344 0.207813 0.076563 0.175000
20 0.572656 0.189844 0.164062 0.348438
19 0.636719 0.403906 0.435937 0.414062
