4 0.900000 0.552344 0.171875 0.251563
17 0.751563 0.641406 0.128125 0.170313
0 0.573438 0.684375 0.096875 0.118750
21 0.537500 0.522656 0.093750 0.145313
23 0.713281 0.506250 0.151562 0.134375
22 0.698438 0.392969 0.093750 0.085938
15 0.725781 0.319531 0.064062 0.079687
16 0.649219 0.205469 0.089063 0.173437
20 0.414844 0.185938 0.104688 0.346875
10 0.407813 0.671875 0.209375 0.393750
19 0.326562 0.365625 0.331250 0.393750
3 0.498437 0.367969 0.100000 0.198437
10 0.497656 0.224219 0.073438 0.170313
7 0.589063 0.364063 0.134375 0.168750
