4 0.893750 0.582812 0.190625 0.262500
17 0.735938 0.662500 0.140625 0.178125
0 0.556250 0.693750 0.106250 0.125000
21 0.531250 0.530469 0.103125 0.151562
23 0.710156 0.524219 0.160938 0.142187
22 0.703125 0.409375 0.100000 0.093750
15 0.735938 0.337500 0.068750 0.084375
16 0.667969 0.219531 0.101562 0.176563
20 0.433594 0.183594 0.129688 0.351562
10 0.389844 0.670312 0.239063 0.406250
19 0.332031 0.359375 0.360938 0.412500
3 0.504687 0.371094 0.115625 0.204687
10 0.514062 0.228125 0.087500 0.175000
7 0.595313 0.372656 0.146875 0.176563
