4 0.113281 0.570312 0.185938 0.259375
17 0.270313 0.657813 0.140625 0.175000
0 0.452344 0.698438 0.104688 0.121875
21 0.482812 0.532813 0.103125 0.150000
23 0.301563 0.520312 0.159375 0.140625
22 0.311719 0.403906 0.098437 0.089063
15 0.280469 0.328125 0.067187 0.084375
16 0.353125 0.211719 0.096875 0.176563
20 0.591406 0.185938 0.123438 0.356250
10 0.621875 0.681250 0.231250 0.406250
19 0.689844 0.367188 0.354687 0.406250
3 0.514844 0.372656 0.110937 0.204687
10 0.508594 0.227344 0.082812 0.173437
7 0.421875 0.371875 0.143750 0.175000
