15 0.388281 0.957031 0.120313 0.085938
0 0.482812 0.857031 0.128125 0.151562
13 0.253906 0.753125 0.267188 0.368750
17 0.375781 0.612500 0.154688 0.196875
3 0.255469 0.484375 0.220312 0.231250
21 0.490625 0.470313 0.121875 0.159375
7 0.615625 0.619531 0.231250 0.273438
10 0.680469 0.791406 0.148438 0.157812
23 0.871094 0.625000 0.235937 0.237500
16 0.757031 0.478906 0.135937 0.182812
6 0.191406 0.228906 0.142187 0.182812
24 0.110156 0.257031 0.154688 0.207813
22 0.718750 0.086719 0.118750 0.173437
5 0.817969 0.364844 0.364063 0.307812
