15 0.442969 0.945312 0.129688 0.109375
0 0.528125 0.832031 0.134375 0.157812
13 0.295312 0.745313 0.284375 0.378125
17 0.407031 0.598437 0.164062 0.203125
3 0.281250 0.478906 0.231250 0.242188
21 0.514062 0.450781 0.128125 0.164062
7 0.643750 0.589063 0.243750 0.284375
10 0.719531 0.755469 0.157812 0.164062
23 0.885938 0.578906 0.221875 0.248438
16 0.775781 0.442188 0.145313 0.187500
6 0.203125 0.230469 0.153125 0.189062
24 0.125781 0.264844 0.167187 0.214062
22 0.714063 0.075000 0.128125 0.143750
5 0.818750 0.328906 0.350000 0.320312
