15 0.707812 0.912500 0.118750 0.150000
0 0.592187 0.801562 0.118750 0.143750
13 0.788281 0.657813 0.248438 0.350000
17 0.642969 0.549219 0.142187 0.185938
3 0.728125 0.403125 0.206250 0.218750
21 0.503125 0.438281 0.112500 0.151562
7 0.417187 0.603125 0.215625 0.259375
10 0.392188 0.780469 0.140625 0.148438
23 0.175781 0.660156 0.220312 0.223438
16 0.253906 0.499219 0.126562 0.173437
6 0.735156 0.149219 0.132812 0.173437
24 0.817969 0.160156 0.145313 0.198437
22 0.206250 0.119531 0.109375 0.170313
5 0.173437 0.403125 0.343750 0.287500
