17 0.777344 0.586719 0.217188 0.270313
4 0.919531 0.446094 0.160938 0.423438
0 0.525781 0.647656 0.160938 0.185938
21 0.470313 0.481250 0.140625 0.196875
3 0.423438 0.314844 0.165625 0.285938
19 0.224219 0.347656 0.445312 0.448437
16 0.606250 0.188281 0.112500 0.198437
22 0.674219 0.367969 0.132812 0.114062
15 0.702344 0.296875 0.092188 0.106250
7 0.543750 0.346875 0.196875 0.162500
16 0.122656 0.082812 0.117188 0.165625
10 0.206250 0.073438 0.121875 0.143750
5 0.292969 0.652344 0.379688 0.548438
