17 0.781250 0.511719 0.181250 0.232813
4 0.920312 0.370312 0.159375 0.381250
0 0.558594 0.587500 0.135937 0.159375
21 0.496094 0.441406 0.114062 0.173437
3 0.437500 0.293750 0.131250 0.256250
19 0.238281 0.340625 0.426563 0.387500
16 0.594531 0.162500 0.089063 0.178125
22 0.672656 0.321094 0.114062 0.095312
15 0.690625 0.253125 0.078125 0.090625
7 0.550000 0.312500 0.171875 0.134375
16 0.146875 0.096094 0.093750 0.170313
10 0.221094 0.078125 0.098437 0.153125
5 0.347656 0.610938 0.310937 0.481250
