17 0.792188 0.512500 0.175000 0.231250
4 0.928906 0.361719 0.142187 0.379688
0 0.566406 0.600000 0.132812 0.159375
21 0.499219 0.453125 0.107813 0.171875
3 0.439063 0.305469 0.121875 0.254688
19 0.235937 0.360938 0.418750 0.378125
16 0.594531 0.165625 0.082812 0.178125
22 0.676562 0.323437 0.112500 0.093750
15 0.693750 0.255469 0.075000 0.089063
7 0.552344 0.320312 0.170313 0.131250
16 0.138281 0.116406 0.089063 0.170313
10 0.213281 0.086719 0.092188 0.170313
5 0.354687 0.632812 0.293750 0.478125
