20 0.561719 0.258594 0.164062 0.351562
22 0.364844 0.348438 0.104688 0.150000
5 0.203906 0.574219 0.354687 0.282813
16 0.285156 0.725781 0.126562 0.157812
23 0.149219 0.823438 0.207813 0.246875
7 0.400000 0.864062 0.246875 0.268750
21 0.527344 0.776563 0.104688 0.134375
17 0.629687 0.935937 0.131250 0.115625
3 0.743750 0.859375 0.203125 0.171875
4 0.740625 0.497656 0.156250 0.198437
15 0.857031 0.214844 0.082812 0.101562
6 0.831250 0.633594 0.137500 0.135937
24 0.900781 0.677344 0.145313 0.151562
6 0.900781 0.130469 0.082812 0.107813
22 0.710938 0.106250 0.100000 0.106250
