20 0.405469 0.290625 0.201563 0.375000
22 0.621094 0.346094 0.123438 0.164062
5 0.811719 0.546094 0.373437 0.326562
16 0.764844 0.717969 0.145313 0.173437
23 0.899219 0.792969 0.195312 0.273438
7 0.667969 0.864062 0.276562 0.262500
21 0.525781 0.814063 0.120313 0.146875
17 0.442969 0.965625 0.142187 0.068750
3 0.316406 0.921094 0.223438 0.157812
4 0.260937 0.569531 0.181250 0.217188
15 0.097656 0.301563 0.095312 0.112500
6 0.190625 0.725781 0.153125 0.154688
24 0.126562 0.784375 0.165625 0.168750
6 0.042969 0.222656 0.085938 0.117188
22 0.228906 0.163281 0.114062 0.117188
