20 0.625781 0.264844 0.204687 0.370312
22 0.413281 0.314844 0.123438 0.160938
5 0.212500 0.505469 0.390625 0.326562
16 0.269531 0.675000 0.148438 0.171875
23 0.121875 0.743750 0.228125 0.271875
7 0.357031 0.844531 0.282813 0.310937
21 0.500781 0.775000 0.120313 0.146875
17 0.576562 0.944531 0.146875 0.110937
3 0.703906 0.902344 0.223438 0.195312
4 0.763281 0.541406 0.182812 0.217188
15 0.926562 0.282031 0.093750 0.110937
6 0.830469 0.693750 0.154688 0.153125
24 0.892188 0.753125 0.165625 0.168750
6 0.967969 0.207031 0.064062 0.117188
22 0.799219 0.144531 0.110937 0.117188
