5 0.873437 0.299219 0.240625 0.323437
23 0.729688 0.198437 0.140625 0.137500
19 0.698438 0.696094 0.603125 0.607812
3 0.133594 0.707812 0.254688 0.334375
15 0.174219 0.529687 0.110937 0.134375
20 0.553125 0.310937 0.284375 0.615625
10 0.651563 0.264062 0.106250 0.281250
17 0.396875 0.426563 0.178125 0.225000
22 0.287500 0.465625 0.137500 0.171875
21 0.267969 0.347656 0.117188 0.173437
16 0.421875 0.263281 0.121875 0.251563
4 0.325781 0.133594 0.123438 0.226562
0 0.328125 0.267969 0.100000 0.120313
