5 0.821094 0.348438 0.260937 0.290625
23 0.667969 0.258594 0.123438 0.120313
19 0.681250 0.717187 0.637500 0.565625
3 0.119531 0.700781 0.220312 0.295312
15 0.160938 0.541406 0.096875 0.117188
20 0.507812 0.351562 0.240625 0.559375
10 0.596875 0.315625 0.087500 0.253125
17 0.363281 0.455469 0.154688 0.198437
22 0.264844 0.487500 0.120313 0.150000
21 0.250781 0.380469 0.101562 0.151562
16 0.391406 0.309375 0.104688 0.225000
4 0.302344 0.157031 0.117188 0.267188
0 0.306250 0.310937 0.087500 0.106250
