5 0.857031 0.424219 0.251563 0.289062
23 0.721875 0.303125 0.121875 0.118750
19 0.649219 0.746875 0.654687 0.500000
3 0.089844 0.638281 0.173437 0.295312
15 0.148438 0.485156 0.093750 0.117188
20 0.539844 0.362500 0.210938 0.571875
10 0.636719 0.346094 0.073438 0.260937
17 0.371094 0.438281 0.148438 0.198437
22 0.264062 0.451562 0.115625 0.150000
21 0.273438 0.340625 0.096875 0.153125
16 0.430469 0.296094 0.092188 0.229687
4 0.374219 0.131250 0.101562 0.262500
0 0.344531 0.281250 0.082812 0.106250
