6 0.925000 0.457813 0.150000 0.228125
24 0.900781 0.372656 0.148438 0.210938
21 0.845313 0.322656 0.109375 0.139063
21 0.817187 0.208594 0.109375 0.135937
24 0.684375 0.142187 0.100000 0.181250
6 0.728125 0.110156 0.081250 0.179688
16 0.489063 0.087500 0.081250 0.168750
19 0.500781 0.280469 0.395313 0.326562
22 0.429688 0.707031 0.171875 0.110937
21 0.305469 0.795312 0.160938 0.237500
10 0.171875 0.702344 0.196875 0.326562
4 0.088281 0.446875 0.173437 0.387500
20 0.690625 0.785937 0.390625 0.428125
