6 0.934375 0.492188 0.128125 0.240625
24 0.925781 0.403125 0.145313 0.228125
21 0.886719 0.348438 0.123438 0.150000
21 0.868750 0.228906 0.121875 0.148438
24 0.739844 0.150781 0.117188 0.192188
6 0.788281 0.125000 0.098437 0.181250
16 0.542969 0.083594 0.098437 0.167187
19 0.536719 0.278125 0.429688 0.365625
22 0.420312 0.711719 0.184375 0.129688
21 0.284375 0.793750 0.184375 0.256250
10 0.155469 0.686719 0.229687 0.348438
4 0.100000 0.415625 0.200000 0.409375
20 0.679688 0.789062 0.434375 0.415625
