6 0.078125 0.483594 0.156250 0.245312
24 0.090625 0.392188 0.168750 0.228125
21 0.141406 0.336719 0.123438 0.148438
21 0.160938 0.216406 0.121875 0.148438
24 0.290625 0.136719 0.115625 0.192188
6 0.243750 0.117188 0.093750 0.168750
16 0.486719 0.075000 0.092188 0.150000
19 0.492969 0.261719 0.426563 0.367188
22 0.607812 0.694531 0.184375 0.129688
21 0.742969 0.773438 0.182812 0.256250
10 0.872656 0.666406 0.226562 0.348438
4 0.913281 0.397656 0.173437 0.404687
20 0.346094 0.782813 0.432812 0.434375
