22 0.479687 0.697656 0.178125 0.117188
21 0.367969 0.816406 0.176563 0.260937
4 0.088281 0.508594 0.176563 0.429688
10 0.210156 0.746875 0.214062 0.356250
20 0.765625 0.713281 0.409375 0.564063
6 0.928125 0.335938 0.131250 0.225000
24 0.884375 0.260937 0.146875 0.209375
21 0.817969 0.221875 0.095312 0.137500
21 0.771875 0.119531 0.112500 0.142187
24 0.621875 0.090625 0.103125 0.175000
6 0.662500 0.071875 0.071875 0.137500
16 0.412500 0.080469 0.087500 0.148438
19 0.473438 0.269531 0.425000 0.329688
