22 0.578125 0.696875 0.168750 0.096875
21 0.699219 0.803125 0.148438 0.240625
4 0.938281 0.471094 0.123438 0.410938
10 0.847656 0.717187 0.176563 0.334375
20 0.299219 0.739844 0.351562 0.520312
6 0.086719 0.388281 0.132812 0.210938
24 0.135156 0.308594 0.126562 0.195312
21 0.195312 0.265625 0.081250 0.128125
21 0.230469 0.158594 0.098437 0.132812
24 0.374219 0.108594 0.085938 0.176563
6 0.332031 0.083594 0.054688 0.167187
16 0.579688 0.077344 0.071875 0.154688
19 0.539844 0.275781 0.392188 0.285938
