22 0.541406 0.703906 0.189062 0.126562
21 0.682031 0.792969 0.192188 0.270313
4 0.889062 0.410938 0.221875 0.446875
10 0.820312 0.683594 0.237500 0.370312
20 0.260937 0.748437 0.440625 0.503125
6 0.036719 0.459375 0.070312 0.225000
24 0.053125 0.373437 0.103125 0.215625
21 0.080469 0.321875 0.104688 0.143750
21 0.098437 0.207813 0.121875 0.150000
24 0.237500 0.134375 0.112500 0.190625
6 0.190625 0.121875 0.081250 0.162500
16 0.443750 0.076563 0.096875 0.153125
19 0.434375 0.278125 0.450000 0.353125
