20 0.295312 0.638281 0.393750 0.701562
3 0.166406 0.564844 0.167187 0.298438
22 0.551562 0.623437 0.181250 0.121875
21 0.649219 0.731250 0.176563 0.240625
10 0.802344 0.679688 0.201563 0.353125
4 0.926562 0.491406 0.146875 0.417187
17 0.832812 0.930469 0.243750 0.129688
7 0.561719 0.911719 0.276562 0.170313
19 0.587500 0.257812 0.390625 0.328125
21 0.314844 0.114844 0.098437 0.129688
21 0.264062 0.191406 0.096875 0.114062
6 0.150781 0.279687 0.135937 0.215625
24 0.202344 0.212500 0.129688 0.196875
