20 0.677344 0.645312 0.482812 0.709375
3 0.836719 0.649219 0.207813 0.332813
22 0.413281 0.582031 0.204687 0.145313
21 0.277344 0.662500 0.210938 0.271875
10 0.132031 0.557813 0.248438 0.393750
4 0.082031 0.320312 0.160938 0.450000
17 0.078906 0.836719 0.139063 0.192188
7 0.304688 0.885156 0.312500 0.217188
19 0.496094 0.189062 0.448437 0.378125
21 0.828125 0.130469 0.118750 0.145313
21 0.855469 0.228906 0.114062 0.129688
6 0.931250 0.356250 0.137500 0.240625
24 0.913281 0.271094 0.154688 0.220312
