20 0.698438 0.666406 0.343750 0.660937
3 0.837500 0.621094 0.146875 0.289062
22 0.445312 0.623437 0.175000 0.109375
21 0.335156 0.715625 0.160938 0.231250
10 0.189062 0.642969 0.178125 0.342187
4 0.077344 0.435937 0.148438 0.409375
17 0.121875 0.911719 0.225000 0.157812
7 0.390625 0.915625 0.265625 0.165625
19 0.464844 0.256250 0.373437 0.296875
21 0.754687 0.154688 0.090625 0.121875
21 0.794531 0.238281 0.089063 0.107813
6 0.892969 0.341406 0.120313 0.207813
24 0.850781 0.267969 0.117188 0.189062
