470 252 604 252 604 390 470 390 potato 0
465 126 557 126 557 251 465 251 onion 0
357 154 456 154 456 300 357 300 onion 0
402 356 501 356 501 500 402 500 potato 0
243 463 358 463 358 602 243 602 garlic 0
97 453 191 453 191 634 97 634 garlic 0
86 212 237 212 237 436 86 436 butter 0
224 171 289 171 289 293 224 293 eggs 0
55 189 127 189 127 313 55 313 eggs 0
144 53 233 53 233 199 144 199 tomato 0
278 265 370 265 370 410 278 410 tomato 0
298 55 352 55 352 148 298 148 lemon 0
314 18 366 18 366 94 314 94 lemon 0