449 232 595 232 595 379 449 379 potato 0
455 105 558 105 558 237 455 237 onion 0
343 125 455 125 455 277 343 277 onion 0
374 330 486 330 486 481 374 481 potato 0
207 423 335 423 335 570 207 570 garlic 0
56 402 169 402 169 603 56 603 garlic 0
63 162 234 162 234 396 63 396 butter 0
212 131 287 131 287 257 212 257 eggs 0
41 135 125 135 125 264 41 264 eggs 0
139 7 241 7 241 158 139 158 tomato 0
256 230 361 230 361 380 256 380 tomato 0
297 21 359 21 359 117 297 117 lemon 0
317 0 374 0 374 65 317 65 lemon 0