34 238 190 238 190 397 34 397 potato 0
61 110 173 110 173 250 61 250 onion 0
168 122 290 122 290 282 168 282 onion 0
154 334 276 334 276 493 154 493 potato 0
317 417 454 417 454 574 317 574 garlic 0
486 385 612 385 612 595 486 595 garlic 0
400 140 586 140 586 388 400 388 butter 0
340 118 424 118 424 250 340 250 eggs 0
507 110 599 110 599 246 507 246 eggs 0
378 0 490 0 490 144 378 144 tomato 0
273 223 388 223 388 381 273 381 tomato 0
257 12 325 12 325 113 257 113 lemon 0
241 0 300 0 300 60 241 60 lemon 0