286 503 350 503 350 587 286 587 orange 0
185 357 312 357 312 523 185 523 noodles 0
268 318 341 318 341 418 268 418 paprika 0
333 438 393 438 393 513 333 513 apple 0
200 279 305 279 305 380 200 380 cereal 0
330 269 385 269 385 345 330 345 sausages 0
418 368 488 368 488 481 418 481 grape_juice 0
494 291 607 291 607 407 494 407 sponge_opl 0
440 233 508 233 508 345 440 345 orange_juice 0
362 301 482 301 482 433 362 433 crackers 0
417 100 471 100 471 166 417 166 scrubby 0
316 2 394 2 394 188 316 188 pringles 0
233 107 301 107 301 241 233 241 chocolate_drink 0
193 184 252 184 252 273 193 273 coke 0
157 195 221 195 221 291 157 291 sprite 0
203 67 243 67 243 117 203 117 orange 0
187 36 228 36 228 89 187 89 apple 0
265 39 316 39 316 84 265 84 scrubby 0
112 33 187 33 187 106 112 106 orange 0