201 494 267 494 267 577 201 577 orange 0
132 338 263 338 263 503 132 503 noodles 0
232 319 308 319 308 420 232 420 paprika 0
263 447 325 447 325 522 263 522 apple 0
179 268 285 268 285 370 179 370 cereal 0
307 289 364 289 364 364 307 364 sausages 0
356 406 429 406 429 517 356 517 grape_juice 0
446 360 562 360 562 476 446 476 sponge_opl 0
414 287 485 287 485 398 414 398 orange_juice 0
319 334 440 334 440 467 319 467 crackers 0
437 157 493 157 493 223 437 223 scrubby 0
352 31 438 31 438 222 352 222 pringles 0
253 113 325 113 325 246 253 246 chocolate_drink 0
202 174 263 174 263 262 202 262 coke 0
164 174 231 174 231 269 164 269 sprite 0
250 66 291 66 291 117 250 117 orange 0
244 33 286 33 286 86 244 86 apple 0
316 59 368 59 368 105 316 105 scrubby 0
171 14 247 14 247 87 171 87 orange 0