205 514 265 514 265 596 205 596 orange 0
130 358 251 358 251 520 130 520 noodles 0
226 331 296 331 296 430 226 430 paprika 0
265 458 323 458 323 532 265 532 apple 0
168 284 269 284 269 381 168 381 cereal 0
299 293 352 293 352 367 299 367 sausages 0
360 407 426 407 426 518 360 518 grape_juice 0
448 351 559 351 559 464 448 464 sponge_opl 0
411 280 474 280 474 391 411 391 orange_juice 0
318 336 434 336 434 466 318 466 crackers 0
421 145 473 145 473 210 421 210 scrubby 0
336 22 407 22 407 217 336 217 pringles 0
236 118 298 118 298 250 236 250 chocolate_drink 0
184 185 239 185 239 272 184 272 coke 0
145 189 206 189 206 282 145 282 sprite 0
222 70 261 70 261 120 222 120 orange 0
214 37 253 37 253 89 214 89 apple 0
289 57 338 57 338 101 289 101 scrubby 0
138 24 212 24 212 95 138 95 orange 0