75 329 187 329 187 447 75 447 sponge_opl 0
161 261 223 261 223 372 161 372 orange_juice 0
204 389 264 389 264 496 204 496 grape_juice 0
336 318 408 318 408 419 336 419 paprika 0
280 275 336 275 336 355 280 355 sausages 0
364 274 465 274 465 371 364 371 cereal 0
375 352 503 352 503 515 375 515 noodles 0
298 442 365 442 365 519 298 519 apple 0
359 504 417 504 417 584 359 584 orange 0
176 128 219 128 219 192 176 192 scrubby 0
240 7 310 7 310 198 240 198 pringles 0
346 101 408 101 408 243 346 243 chocolate_drink 0
402 171 459 171 459 259 402 259 coke 0
437 176 499 176 499 270 437 270 sprite 0
311 40 357 40 357 82 311 82 scrubby 0
389 56 427 56 427 104 389 104 orange 0
400 23 436 23 436 67 400 67 apple 0
441 10 514 10 514 65 441 65 orange_juice 0