91 311 194 311 194 420 91 420 sponge_opl 0
181 253 237 253 237 357 181 357 orange_juice 0
206 382 262 382 262 483 206 483 grape_juice 0
341 333 408 333 408 429 341 429 paprika 0
295 283 346 283 346 359 295 359 sausages 0
373 297 469 297 469 387 373 387 cereal 0
371 376 490 376 490 528 371 528 noodles 0
292 445 353 445 353 518 292 518 apple 0
341 513 395 513 395 588 341 588 orange 0
214 128 254 128 254 187 214 187 scrubby 0
284 22 345 22 345 204 284 204 pringles 0
375 126 431 126 431 261 375 261 chocolate_drink 0
423 201 476 201 476 283 423 283 coke 0
456 211 512 211 512 300 456 300 sprite 0
355 62 398 62 398 101 355 101 scrubby 0
427 88 462 88 462 133 427 133 orange 0
441 58 475 58 475 98 441 98 apple 0
481 54 549 54 549 105 481 105 orange_juice 0