478 331 596 331 596 454 478 454 sponge_opl 0
441 259 505 259 505 375 441 375 orange_juice 0
396 395 461 395 461 506 396 506 grape_juice 0
245 322 321 322 321 428 245 428 paprika 0
321 275 380 275 380 360 321 360 sausages 0
184 275 292 275 292 377 184 377 cereal 0
145 358 280 358 280 528 145 528 noodles 0
291 451 360 451 360 532 291 532 apple 0
236 518 297 518 297 601 236 601 orange 0
444 119 490 119 490 185 444 185 scrubby 0
348 3 421 3 421 193 348 193 pringles 0
245 92 310 92 310 242 245 242 chocolate_drink 0
190 167 251 167 251 259 190 259 coke 0
150 173 214 173 214 272 150 272 sprite 0
299 28 347 28 347 71 299 71 scrubby 0
225 46 266 46 266 96 225 96 orange 0
216 12 254 12 254 57 216 57 apple 0
133 0 210 0 210 56 133 56 orange_juice 0