459 439 524 439 524 531 459 531 sprite 0
439 397 498 397 498 489 439 489 coke 0
421 291 487 291 487 418 421 418 chocolate_drink 0
328 427 432 427 432 557 328 557 cereal 0
271 421 340 421 340 510 271 510 paprika 0
164 540 217 540 217 610 164 610 orange 0
182 454 235 454 235 524 182 524 apple 0
247 517 369 517 369 636 247 636 noodles 0
202 326 295 326 295 429 202 429 crackers 0
155 332 207 332 207 437 155 437 grape_juice 0
158 250 215 250 215 334 158 334 sponge_opl 0
219 247 267 247 267 335 219 335 orange_juice 0
315 179 373 179 373 238 315 238 scrubby 0
382 130 464 130 464 309 382 309 pringles 0
275 189 424 189 424 367 275 367 potato_chips 0
566 307 608 307 608 358 566 358 orange 0
512 225 568 225 568 282 512 282 scrubby 0