121 451 205 451 205 559 121 559 sprite 0
144 403 221 403 221 510 144 510 coke 0
139 284 229 284 229 431 139 431 chocolate_drink 0
220 423 353 423 353 577 220 577 cereal 0
320 410 408 410 408 516 320 516 paprika 0
472 529 540 529 540 611 472 611 orange 0
441 436 507 436 507 517 441 517 apple 0
302 513 450 513 450 640 302 640 noodles 0
355 298 471 298 471 421 355 421 crackers 0
453 299 525 299 525 420 453 420 grape_juice 0
432 208 506 208 506 308 432 308 sponge_opl 0
374 213 439 213 439 314 374 314 orange_juice 0
248 148 320 148 320 221 248 221 scrubby 0
140 105 256 105 256 308 140 308 pringles 0
194 155 382 155 382 368 194 368 potato_chips 0
9 319 62 319 62 379 9 379 orange 0
40 223 109 223 109 291 40 291 scrubby 0