473 440 555 440 555 545 473 545 sprite 0
456 392 530 392 530 498 456 498 coke 0
445 275 531 275 531 419 445 419 chocolate_drink 0
327 414 455 414 455 565 327 565 cereal 0
271 403 356 403 356 506 271 506 paprika 0
144 522 211 522 211 603 144 603 orange 0
173 430 238 430 238 511 173 511 apple 0
232 505 378 505 378 639 232 639 noodles 0
206 292 318 292 318 414 206 414 crackers 0
153 295 220 295 220 413 153 413 grape_juice 0
167 206 238 206 238 303 167 303 sponge_opl 0
233 209 296 209 296 308 233 308 orange_juice 0
348 143 418 143 418 213 348 213 scrubby 0
414 98 523 98 523 299 414 299 pringles 0
290 150 473 150 473 358 290 358 potato_chips 0
609 306 640 306 640 363 609 363 orange 0
559 212 626 212 626 280 559 280 scrubby 0