166 91 256 91 256 284 166 284 pringles 0
133 271 208 271 208 398 133 398 chocolate_drink 0
299 337 348 337 348 406 299 406 sausages 0
410 551 467 551 467 621 410 621 orange 0
396 456 453 456 453 530 396 530 apple 0
286 414 370 414 370 507 286 507 paprika 0
432 236 488 236 488 324 432 324 sponge_opl 0
435 332 491 332 491 431 435 431 grape_juice 0
343 315 438 315 438 429 343 429 crackers 0
270 151 333 151 333 213 270 213 scrubby 0
210 151 377 151 377 352 210 352 potato_chips 0
87 428 159 428 159 524 87 524 sprite 0
119 383 186 383 186 479 119 479 coke 0
0 274 48 274 48 329 0 329 orange 0
45 181 110 181 110 252 45 252 scrubby 0
376 232 425 232 425 323 376 323 orange 0
188 420 300 420 300 560 188 560 cereal 0
255 514 380 514 380 640 255 640 noodles 0