374 51 484 51 484 252 374 252 pringles 0
441 226 529 226 529 360 441 360 chocolate_drink 0
309 310 364 310 364 384 309 384 sausages 0
212 537 276 537 276 613 212 613 orange 0
215 440 281 440 281 520 215 520 apple 0
296 386 387 386 387 488 296 488 paprika 0
158 224 223 224 223 318 158 318 sponge_opl 0
165 321 231 321 231 425 165 425 grape_juice 0
217 294 322 294 322 416 217 416 crackers 0
304 122 373 122 373 189 304 189 scrubby 0
260 116 446 116 446 333 260 333 potato_chips 0
507 378 588 378 588 482 507 482 sprite 0
475 337 552 337 552 439 475 439 coke 0
602 218 639 218 639 275 602 275 orange 0
530 127 602 127 602 203 530 203 scrubby 0
221 214 278 214 278 310 221 310 orange 0
365 381 491 381 491 532 365 532 cereal 0
295 484 432 484 432 627 295 627 noodles 0