393 101 470 101 470 282 393 282 pringles 0
429 274 494 274 494 391 429 391 chocolate_drink 0
292 328 336 328 336 392 292 392 sausages 0
165 527 216 527 216 592 165 592 orange 0
184 437 235 437 235 505 184 505 apple 0
267 402 342 402 342 488 267 488 paprika 0
164 226 215 226 215 308 164 308 sponge_opl 0
156 317 205 317 205 410 156 410 grape_juice 0
207 306 293 306 293 409 207 409 crackers 0
317 153 376 153 376 209 317 209 scrubby 0
275 156 424 156 424 340 275 340 potato_chips 0
466 426 530 426 530 514 466 514 sprite 0
443 382 502 382 502 470 443 470 coke 0
581 284 627 284 627 335 581 335 orange 0
528 193 586 193 586 257 528 257 scrubby 0
225 224 268 224 268 310 225 310 orange 0
331 413 432 413 432 542 331 542 cereal 0
249 500 362 500 362 619 249 619 noodles 0