133 443 204 443 204 544 133 544 sprite 0
150 392 216 392 216 487 150 487 coke 0
137 271 210 271 210 404 137 404 chocolate_drink 0
230 390 349 390 349 543 230 543 cereal 0
320 452 449 452 449 595 320 595 noodles 0
463 454 519 454 519 524 463 524 orange 0
427 380 482 380 482 451 427 451 apple 0
325 369 400 369 400 462 325 462 paprika 0
304 296 351 296 351 361 304 361 sausages 0
349 258 430 258 430 369 349 369 crackers 0
427 253 489 253 489 353 427 353 grape_juice 0
397 168 452 168 452 251 397 251 sponge_opl 0
350 173 399 173 399 266 350 266 orange_juice 0
1 213 65 213 65 292 1 292 scrubby 0
119 80 221 80 221 285 119 285 pringles 0
219 124 286 124 286 185 219 185 scrubby 0