81 395 163 395 163 503 81 503 sprite 0
115 348 191 348 191 452 115 452 coke 0
130 224 217 224 217 367 130 367 chocolate_drink 0
184 373 319 373 319 541 184 541 cereal 0
257 462 403 462 403 621 257 621 noodles 0
414 498 479 498 479 576 414 576 orange 0
400 415 462 415 462 492 400 492 apple 0
296 376 381 376 381 479 296 479 paprika 0
302 296 357 296 357 366 302 366 sausages 0
349 273 443 273 443 395 349 395 crackers 0
431 289 504 289 504 397 431 397 grape_juice 0
430 195 494 195 494 285 430 285 sponge_opl 0
379 186 438 186 438 286 379 286 orange_juice 0
17 126 94 126 94 215 17 215 scrubby 0
152 31 277 31 277 250 152 250 pringles 0
269 102 342 102 342 171 269 171 scrubby 0