458 444 527 444 527 545 458 545 sprite 0
444 392 508 392 508 487 444 487 coke 0
448 269 518 269 518 403 448 403 chocolate_drink 0
310 390 427 390 427 544 310 544 cereal 0
209 455 338 455 338 597 209 597 noodles 0
136 456 192 456 192 527 136 527 orange 0
172 381 226 381 226 452 172 452 apple 0
256 369 330 369 330 463 256 463 paprika 0
303 295 350 295 350 360 303 360 sausages 0
223 257 303 257 303 368 223 368 crackers 0
163 252 224 252 224 353 163 353 grape_juice 0
198 166 251 166 251 248 198 248 sponge_opl 0
252 169 299 169 299 264 252 264 orange_juice 0
592 209 640 209 640 288 592 288 scrubby 0
433 75 532 75 532 282 433 282 pringles 0
365 119 431 119 431 181 365 181 scrubby 0