321 455 390 455 390 566 321 566 sprite 0
289 432 349 432 349 535 289 535 coke 0
218 371 279 371 279 515 218 515 chocolate_drink 0
60 247 158 247 158 470 60 470 pringles 0
192 176 233 176 233 278 192 278 orange_juice 0
275 163 326 163 326 260 275 260 grape_juice 0
249 293 297 293 297 358 249 358 sausages 0
302 347 397 347 397 466 302 466 cereal 0
382 252 421 252 421 300 382 300 orange 0
335 242 376 242 376 294 335 294 apple 0
316 281 371 281 371 361 316 361 paprika 0
223 230 310 230 310 311 223 311 crackers 0