285 412 367 412 367 530 285 530 sprite 0
256 385 328 385 328 494 256 494 coke 0
185 314 265 314 265 465 185 465 chocolate_drink 0
32 171 157 171 157 404 32 404 pringles 0
186 115 241 115 241 221 186 221 orange_juice 0
272 113 335 113 335 215 272 215 grape_juice 0
235 240 291 240 291 310 235 310 sausages 0
276 301 386 301 386 431 276 431 cereal 0
376 215 420 215 420 267 376 267 orange 0
329 199 375 199 375 256 329 256 apple 0
303 236 367 236 367 322 303 322 paprika 0
215 174 311 174 311 264 215 264 crackers 0