228 446 308 446 308 565 228 565 sprite 0
275 432 345 432 345 541 275 541 coke 0
350 386 427 386 427 536 350 536 chocolate_drink 0
484 289 605 289 605 522 484 522 pringles 0
443 201 496 201 496 307 443 307 orange_juice 0
356 170 416 170 416 272 356 272 grape_juice 0
362 305 416 305 416 375 362 375 sausages 0
241 339 350 339 350 469 241 469 cereal 0
250 238 294 238 294 290 250 290 orange 0
296 238 342 238 342 294 296 294 apple 0
288 277 351 277 351 364 288 364 paprika 0
360 242 454 242 454 331 360 331 crackers 0