398 323 459 323 459 417 398 417 sprite 0
367 318 417 318 417 405 367 405 coke 0
299 292 361 292 361 420 299 420 chocolate_drink 0
286 236 328 236 328 299 286 299 sausages 0
333 170 371 170 371 217 333 217 apple 0
372 161 408 161 408 205 372 205 orange 0
347 245 437 245 437 347 347 347 cereal 0
377 196 458 196 458 286 377 286 noodles 0
271 124 315 124 315 214 271 214 grape_juice 0
207 166 252 166 252 261 207 261 orange_juice 0
147 236 251 236 251 436 147 436 pringles 0
248 198 321 198 321 262 248 262 crackers 0