406 336 466 336 466 430 406 430 sprite 0
374 330 423 330 423 417 374 417 coke 0
308 302 366 302 366 430 308 430 chocolate_drink 0
295 245 337 245 337 308 295 308 sausages 0
345 179 383 179 383 226 345 226 apple 0
385 171 421 171 421 215 385 215 orange 0
357 257 445 257 445 357 357 357 cereal 0
388 208 468 208 468 297 388 297 noodles 0
283 132 326 132 326 222 283 222 grape_juice 0
218 172 261 172 261 268 218 268 orange_juice 0
155 243 254 243 254 444 155 444 pringles 0
258 206 331 206 331 270 258 270 crackers 0