188 315 253 315 253 411 188 411 sprite 0
230 312 285 312 285 401 230 401 coke 0
286 289 354 289 354 419 286 419 chocolate_drink 0
325 234 371 234 371 300 325 300 sausages 0
287 166 328 166 328 214 287 214 apple 0
251 155 289 155 289 201 251 201 orange 0
215 238 309 238 309 343 215 343 cereal 0
197 188 283 188 283 281 197 281 noodles 0
343 124 392 124 392 215 343 215 grape_juice 0
402 169 453 169 453 265 402 265 orange_juice 0
395 240 509 240 509 444 395 444 pringles 0
334 198 411 198 411 265 334 265 crackers 0