142 444 211 444 211 514 142 514 scrubby 0
250 437 294 437 294 492 250 492 orange 0
250 475 303 475 303 541 250 541 apple 0
305 450 394 450 394 521 305 521 orange_juice 0
320 284 360 284 360 358 320 358 sprite 0
294 281 334 281 334 352 294 352 coke 0
248 258 298 258 298 363 248 363 chocolate_drink 0
229 240 267 240 267 291 229 291 sausages 0
139 214 224 214 224 376 139 376 pringles 0
113 244 165 244 165 302 113 302 scrubby 0
296 199 324 199 324 232 296 232 orange 0
220 168 256 168 256 236 220 236 grape_juice 0
271 221 311 221 311 271 271 271 paprika 0
298 223 361 223 361 279 298 279 noodles 0