367 489 434 489 434 555 367 555 scrubby 0
296 452 338 452 338 504 296 504 orange 0
274 485 325 485 325 548 274 548 apple 0
196 439 282 439 282 507 196 507 orange_juice 0
281 288 318 288 318 359 281 359 sprite 0
305 292 343 292 343 362 305 362 coke 0
341 284 388 284 388 386 341 386 chocolate_drink 0
383 276 419 276 419 325 383 325 sausages 0
415 270 494 270 494 427 415 427 pringles 0
475 313 525 313 525 369 475 369 scrubby 0
346 219 373 219 373 251 346 251 orange 0
414 212 447 212 447 278 414 278 grape_juice 0
349 245 387 245 387 293 349 293 paprika 0
300 235 361 235 361 289 300 289 noodles 0