381 483 446 483 446 547 381 547 scrubby 0
307 450 347 450 347 502 307 502 orange 0
287 485 335 485 335 547 287 547 apple 0
205 443 289 443 289 508 205 508 orange_juice 0
283 286 317 286 317 357 283 357 sprite 0
308 290 342 290 342 359 308 359 coke 0
345 279 387 279 387 381 345 381 chocolate_drink 0
384 269 419 269 419 317 384 317 sausages 0
421 260 492 260 492 417 421 417 pringles 0
479 301 526 301 526 355 479 355 scrubby 0
342 214 368 214 368 245 342 245 orange 0
412 202 442 202 442 268 412 268 grape_juice 0
347 240 383 240 383 287 347 287 paprika 0
298 232 357 232 357 284 298 284 noodles 0