439 274 536 274 536 376 439 376 sponge_opl 0
411 169 466 169 466 266 411 266 grape_juice 0
404 246 459 246 459 330 404 330 orange_juice 0
323 342 395 342 395 435 323 435 scrubby 0
6 444 106 444 106 542 6 542 scrubby 0
4 343 59 343 59 414 4 414 orange 0
181 191 250 191 250 331 181 331 chocolate_drink 0
228 175 312 175 312 250 228 250 cereal 0
297 164 358 164 358 242 297 242 paprika 0
367 170 408 170 408 225 367 225 apple 0
358 143 395 143 395 186 358 186 orange 0
242 247 477 247 477 530 242 530 potato_chips 0