454 307 542 307 542 401 454 401 sponge_opl 0
414 207 460 207 460 301 414 301 grape_juice 0
414 284 463 284 463 364 414 364 orange_juice 0
346 389 410 389 410 476 346 476 scrubby 0
42 527 135 527 135 616 42 616 scrubby 0
26 427 76 427 76 493 26 493 orange 0
5 453 22 453 22 517 5 517 apple 0
193 254 249 254 249 391 193 391 chocolate_drink 0
230 234 310 234 310 302 230 302 cereal 0
299 215 353 215 353 288 299 288 paprika 0
366 213 403 213 403 265 366 265 apple 0
353 187 387 187 387 228 353 228 orange 0
272 301 484 301 484 564 272 564 potato_chips 0