103 295 193 295 193 390 103 390 sponge_opl 0
171 196 222 196 222 288 171 288 grape_juice 0
176 270 228 270 228 348 176 348 orange_juice 0
234 362 302 362 302 449 234 449 scrubby 0
506 468 601 468 601 559 506 559 scrubby 0
553 373 605 373 605 439 553 439 orange 0
605 391 635 391 635 456 605 456 apple 0
375 223 439 223 439 356 375 356 chocolate_drink 0
316 207 396 207 396 276 316 276 cereal 0
273 195 330 195 330 268 273 268 paprika 0
225 198 265 198 265 250 225 250 apple 0
240 172 274 172 274 213 240 213 orange 0
158 275 378 275 378 538 158 538 potato_chips 0