485 127 556 127 556 275 485 275 chocolate_drink 0
462 243 535 243 535 346 462 346 paprika 0
416 341 473 341 473 410 416 410 apple 0
383 211 470 211 470 304 383 304 sponge_opl 0
346 186 403 186 403 245 346 245 scrubby 0
342 153 378 153 378 200 342 200 orange 0
275 100 316 100 316 206 275 206 orange_juice 0
275 206 319 206 319 338 275 338 cereal 0
59 248 321 248 321 461 59 461 potato_chips 0
148 104 241 104 241 308 148 308 pringles 0
86 80 169 80 169 145 86 145 noodles 0
44 27 100 27 100 110 44 110 cereal 0
278 326 449 326 449 563 278 563 cloth_opl 0
341 289 393 289 393 364 341 364 sausages 0
23 42 55 42 55 85 23 85 apple 0