76 108 148 108 148 265 76 265 chocolate_drink 0
106 232 181 232 181 341 106 341 paprika 0
178 335 238 335 238 407 178 407 apple 0
173 194 263 194 263 293 173 293 sponge_opl 0
241 164 302 164 302 226 241 226 scrubby 0
265 127 302 127 302 177 265 177 orange 0
330 67 371 67 371 180 330 180 orange_juice 0
337 180 379 180 379 323 337 323 cereal 0
341 224 618 224 618 446 341 446 potato_chips 0
417 67 510 67 510 284 417 284 pringles 0
486 39 573 39 573 105 486 105 noodles 0
557 6 614 6 614 65 557 65 cereal 0
212 315 388 315 388 565 212 565 cloth_opl 0
260 275 314 275 314 354 260 354 sausages 0
603 7 635 7 635 36 603 36 apple 0