508 115 599 115 599 278 508 278 chocolate_drink 0
466 230 554 230 554 347 466 347 paprika 0
401 322 469 322 469 402 401 402 apple 0
391 181 493 181 493 289 391 289 sponge_opl 0
363 144 430 144 430 213 363 213 scrubby 0
369 108 411 108 411 162 369 162 orange 0
300 38 355 38 355 154 300 154 orange_juice 0
273 148 334 148 334 293 273 293 cereal 0
24 156 323 156 323 410 24 410 potato_chips 0
150 16 270 16 270 242 150 242 pringles 0
112 1 206 1 206 54 112 54 noodles 0
233 281 438 281 438 550 233 550 cloth_opl 0
334 251 397 251 397 337 334 337 sausages 0