122 367 188 367 188 446 122 446 apple 0
189 279 247 279 247 372 189 372 sausages 0
173 316 340 316 340 581 173 581 cloth_opl 0
76 219 178 219 178 309 76 309 sponge_opl 0
18 276 106 276 106 387 18 387 paprika 0
1 145 48 145 48 318 1 318 chocolate_drink 0
139 164 202 164 202 227 139 227 scrubby 0
154 119 197 119 197 173 154 173 orange 0
214 41 266 41 266 160 214 160 orange_juice 0
256 162 308 162 308 301 256 301 cereal 0
305 88 347 88 347 206 305 206 grape_juice 0
330 22 420 22 420 254 330 254 pringles 0
266 158 544 158 544 418 266 418 potato_chips 0