151 351 220 351 220 429 151 429 apple 0
207 263 268 263 268 355 207 355 sausages 0
194 290 372 290 372 550 194 550 cloth_opl 0
95 213 198 213 198 305 95 305 sponge_opl 0
47 273 139 273 139 384 47 384 paprika 0
2 157 78 157 78 325 2 325 chocolate_drink 0
150 161 214 161 214 224 150 224 scrubby 0
159 119 204 119 204 174 159 174 orange 0
208 40 267 40 267 155 208 155 orange_juice 0
257 150 318 150 318 282 257 282 cereal 0
297 77 346 77 346 189 297 189 grape_juice 0
314 10 419 10 419 233 314 233 pringles 0
268 126 547 126 547 391 268 391 potato_chips 0