169 322 237 322 237 403 169 403 apple 0
236 232 295 232 295 326 236 326 sausages 0
220 266 393 266 393 535 220 535 cloth_opl 0
120 172 224 172 224 266 120 266 sponge_opl 0
63 232 155 232 155 346 63 346 paprika 0
1 104 95 104 95 280 1 280 chocolate_drink 0
182 118 247 118 247 183 182 183 scrubby 0
196 73 240 73 240 128 196 128 orange 0
254 0 307 0 307 113 254 113 orange_juice 0
298 112 354 112 354 252 298 252 cereal 0
346 37 390 37 390 156 346 156 grape_juice 0
370 0 464 0 464 204 370 204 pringles 0
310 102 593 102 593 370 310 370 potato_chips 0