511 289 633 289 633 457 511 457 chocolate_drink 0
426 367 516 367 516 481 426 481 paprika 0
322 404 390 404 390 484 322 484 apple 0
307 291 373 291 373 388 307 388 sausages 0
403 290 506 290 506 381 403 381 sponge_opl 0
418 232 482 232 482 292 418 292 scrubby 0
449 189 493 189 493 243 449 243 orange 0
395 84 460 84 460 197 395 197 orange_juice 0
236 5 319 5 319 230 236 230 pringles 0
173 299 326 299 326 559 173 559 grape_juice 0
97 98 328 98 328 362 97 362 potato_chips 0
286 172 360 172 360 303 286 303 cereal 0
301 90 357 90 357 202 301 202 grape_juice 0
334 182 428 182 428 295 334 295 crackers 0