521 273 631 273 631 434 521 434 chocolate_drink 0
440 356 522 356 522 465 440 465 paprika 0
336 400 398 400 398 476 336 476 apple 0
314 288 374 288 374 381 314 381 sausages 0
408 281 505 281 505 367 408 367 sponge_opl 0
417 224 477 224 477 279 417 279 scrubby 0
444 179 485 179 485 230 444 230 orange 0
387 76 444 76 444 187 387 187 orange_juice 0
232 8 299 8 299 230 232 230 pringles 0
194 304 328 304 328 556 194 556 grape_juice 0
103 108 315 108 315 360 103 360 potato_chips 0
287 172 351 172 351 299 287 299 cereal 0
295 89 342 89 342 198 295 198 grape_juice 0
334 179 420 179 420 287 334 287 crackers 0