13 282 132 282 132 448 13 448 chocolate_drink 0
128 365 218 365 218 477 128 477 paprika 0
256 408 323 408 323 486 256 486 apple 0
276 293 342 293 342 389 276 389 sausages 0
142 288 244 288 244 378 142 378 sponge_opl 0
168 230 231 230 231 287 168 287 scrubby 0
158 183 201 183 201 237 158 237 orange 0
195 79 257 79 257 192 195 192 orange_juice 0
339 5 418 5 418 233 339 233 pringles 0
324 306 472 306 472 566 324 566 grape_juice 0
328 105 555 105 555 365 328 365 potato_chips 0
294 173 365 173 365 304 294 304 cereal 0
299 90 352 90 352 201 299 201 grape_juice 0
224 182 316 182 316 294 224 294 crackers 0