514 274 640 274 640 470 514 470 chocolate_drink 0
409 372 517 372 517 504 409 504 paprika 0
396 268 518 268 518 389 396 389 sponge_opl 0
275 284 347 284 347 387 275 387 sausages 0
286 410 367 410 367 507 286 507 apple 0
108 299 323 299 323 568 108 568 cloth_opl 0
76 73 285 73 285 348 76 348 potato_chips 0
451 148 507 148 507 219 451 219 orange 0
380 44 458 44 458 166 380 166 orange_juice 0
271 51 336 51 336 175 271 175 grape_juice 0
309 149 428 149 428 284 309 284 crackers 0
245 138 335 138 335 295 245 295 cereal 0