472 354 610 354 610 542 472 542 chocolate_drink 0
355 413 458 413 458 539 355 539 paprika 0
374 315 491 315 491 430 374 430 sponge_opl 0
261 290 329 290 329 388 261 388 sausages 0
236 411 313 411 313 504 236 504 apple 0
77 276 281 276 281 533 77 533 cloth_opl 0
110 58 309 58 309 320 110 320 potato_chips 0
468 210 521 210 521 279 468 279 orange 0
424 97 497 97 497 214 424 214 orange_juice 0
320 72 381 72 381 192 320 192 grape_juice 0
325 181 439 181 439 310 325 310 crackers 0
267 148 352 148 352 299 267 299 cereal 0