477 334 599 334 599 511 477 511 chocolate_drink 0
365 414 458 414 458 532 365 532 paprika 0
365 314 472 314 472 420 365 420 sponge_opl 0
248 312 307 312 307 405 248 405 sausages 0
244 434 313 434 313 521 244 521 apple 0
83 322 265 322 265 563 83 563 cloth_opl 0
78 101 255 101 255 348 78 348 potato_chips 0
432 199 480 199 480 263 432 263 orange 0
376 92 438 92 438 204 376 204 orange_juice 0
271 86 320 86 320 202 271 202 grape_juice 0
294 191 398 191 398 310 294 310 crackers 0
235 168 306 168 306 315 235 315 cereal 0