205 426 295 426 295 598 205 598 chocolate_drink 0
160 359 254 359 254 494 160 494 sponge_opl 0
71 365 149 365 149 468 71 468 scrubby 0
0 392 64 392 64 473 0 473 orange 0
271 362 358 362 358 484 271 484 paprika 0
320 300 373 300 373 371 320 371 apple 0
244 260 299 260 299 347 244 347 sausages 0
157 180 242 180 242 312 157 312 cereal 0
89 29 206 29 206 251 89 251 pringles 0
272 214 420 214 420 324 272 324 cloth_opl 0
80 262 200 262 200 388 80 388 crackers 0
53 165 132 165 132 287 53 287 grape_juice 0