196 423 285 423 285 594 196 594 chocolate_drink 0
151 357 244 357 244 491 151 491 sponge_opl 0
61 364 139 364 139 467 61 467 scrubby 0
0 392 54 392 54 473 0 473 orange 0
261 358 348 358 348 479 261 479 paprika 0
309 294 362 294 362 365 309 365 apple 0
234 257 287 257 287 342 234 342 sausages 0
146 178 230 178 230 308 146 308 cereal 0
77 28 194 28 194 249 77 249 pringles 0
261 210 409 210 409 317 261 317 cloth_opl 0
69 261 189 261 189 385 69 385 crackers 0
42 165 121 165 121 286 42 286 grape_juice 0