253 437 349 437 349 615 253 615 chocolate_drink 0
188 382 288 382 288 521 188 521 sponge_opl 0
98 412 180 412 180 520 98 520 scrubby 0
31 458 101 458 101 543 31 543 orange 0
298 359 389 359 389 485 298 485 paprika 0
325 290 381 290 381 364 325 364 apple 0
241 270 299 270 299 359 241 359 sausages 0
140 207 230 207 230 342 140 342 cereal 0
44 69 169 69 169 297 44 297 pringles 0
258 204 412 204 412 319 258 319 cloth_opl 0
81 302 208 302 208 432 81 432 crackers 0
31 218 115 218 115 344 31 344 grape_juice 0