210 585 287 585 287 640 210 640 orange 0
268 500 350 500 350 597 268 597 apple 0
77 364 248 364 248 600 77 600 noodles 0
191 329 290 329 290 455 191 455 paprika 0
93 236 234 236 234 384 93 384 cereal 0
275 250 353 250 353 352 275 352 sausages 0
320 309 468 309 468 484 320 484 crackers 0
388 456 483 456 483 557 388 557 grape_juice 0
482 324 633 324 633 476 482 476 sponge_opl 0
441 248 528 248 528 365 441 365 orange_juice 0
77 88 168 88 168 205 77 205 coke 0
21 98 120 98 120 231 21 231 sprite 0
422 0 498 0 498 111 422 111 scrubby 0
407 135 640 135 640 332 407 332 cloth_opl 0