415 536 491 536 491 632 415 632 orange 0
341 467 417 467 417 559 341 559 apple 0
425 309 584 309 584 533 425 533 noodles 0
366 292 457 292 457 411 366 411 paprika 0
400 188 532 188 532 328 400 328 cereal 0
286 232 358 232 358 329 286 329 sausages 0
198 303 336 303 336 469 198 469 crackers 0
206 452 296 452 296 547 206 547 grape_juice 0
42 351 183 351 183 494 42 494 sponge_opl 0
122 264 203 264 203 375 122 375 orange_juice 0
428 40 513 40 513 151 428 151 coke 0
477 39 570 39 570 166 477 166 sprite 0
97 22 167 22 167 131 97 131 scrubby 0
1 166 221 166 221 350 1 350 cloth_opl 0