242 570 325 570 325 640 242 640 orange 0
295 482 381 482 381 583 295 583 apple 0
98 356 280 356 280 598 98 598 noodles 0
208 318 313 318 313 448 208 448 paprika 0
106 229 254 229 254 384 106 384 cereal 0
288 236 370 236 370 341 288 341 sausages 0
334 286 490 286 490 468 334 468 crackers 0
410 431 511 431 511 536 410 536 grape_juice 0
496 291 638 291 638 450 496 450 sponge_opl 0
450 223 543 223 543 343 450 343 orange_juice 0
81 87 179 87 179 208 81 208 coke 0
27 101 134 101 134 238 27 238 sprite 0
416 2 498 2 498 94 416 94 scrubby 0
412 108 636 108 636 313 412 313 cloth_opl 0