198 34 274 34 274 146 198 146 scrubby 0
2 314 139 314 139 495 2 495 sponge_opl 0
109 282 208 282 208 405 109 405 orange_juice 0
110 520 209 520 209 625 110 625 grape_juice 0
136 351 325 351 325 571 136 571 crackers 0
285 338 362 338 362 437 285 437 sausages 0
329 445 438 445 438 588 329 588 paprika 0
391 382 544 382 544 524 391 524 cereal 0
491 244 592 244 592 354 491 354 coke 0
533 278 640 278 640 394 533 394 sprite 0
434 121 545 121 545 282 434 282 chocolate_drink 0
1 136 246 136 246 336 1 336 cloth_opl 0