169 74 250 74 250 187 169 187 scrubby 0
2 339 98 339 98 521 2 521 sponge_opl 0
64 311 169 311 169 436 64 436 orange_juice 0
60 546 152 546 152 609 60 609 grape_juice 0
79 382 278 382 278 608 79 608 crackers 0
236 378 316 378 316 480 236 480 sausages 0
267 487 383 487 383 634 267 634 paprika 0
333 430 491 430 491 579 333 579 cereal 0
444 302 549 302 549 415 444 415 coke 0
481 338 594 338 594 458 481 458 sprite 0
392 176 511 176 511 340 392 340 chocolate_drink 0
1 165 214 165 214 371 1 371 cloth_opl 0