407 110 470 110 470 214 407 214 scrubby 0
481 411 622 411 622 575 481 575 sponge_opl 0
426 362 512 362 512 473 426 473 orange_juice 0
386 589 471 589 471 640 386 640 grape_juice 0
296 418 462 418 462 617 296 617 crackers 0
270 385 336 385 336 476 270 476 sausages 0
177 478 271 478 271 609 177 609 paprika 0
87 405 224 405 224 532 87 532 cereal 0
67 259 156 259 156 357 67 357 coke 0
14 283 110 283 110 388 14 388 sprite 0
131 149 226 149 226 298 131 298 chocolate_drink 0
408 233 637 233 637 408 408 408 cloth_opl 0