451 254 563 254 563 402 451 402 paprika 0
549 110 640 110 640 353 549 353 chocolate_drink 0
320 333 405 333 405 435 320 435 apple 0
285 235 354 235 354 345 285 345 sausages 0
242 114 320 114 320 277 242 277 cereal 0
17 110 285 110 285 352 17 352 potato_chips 0
354 49 407 49 407 163 354 163 orange_juice 0
397 177 469 177 469 237 397 237 scrubby 0
420 135 468 135 468 192 420 192 orange 0
299 163 408 163 408 247 299 247 crackers 0
60 20 117 20 117 129 60 129 orange_juice 0
107 1 166 1 166 110 107 110 grape_juice 0
133 252 321 252 321 558 133 558 cloth_opl 0