442 253 558 253 558 402 442 402 paprika 0
538 115 640 115 640 359 538 359 chocolate_drink 0
314 325 401 325 401 427 314 427 apple 0
281 227 354 227 354 338 281 338 sausages 0
238 106 322 106 322 270 238 270 cereal 0
16 94 289 94 289 342 16 342 potato_chips 0
352 47 409 47 409 161 352 161 orange_juice 0
394 175 467 175 467 236 394 236 scrubby 0
417 133 467 133 467 191 417 191 orange 0
297 157 407 157 407 243 297 243 crackers 0
64 7 124 7 124 116 64 116 orange_juice 0
110 1 173 1 173 99 110 99 grape_juice 0
123 237 322 237 322 545 123 545 cloth_opl 0