428 289 567 289 567 462 428 462 paprika 0
537 150 640 150 640 421 537 421 chocolate_drink 0
285 355 388 355 388 474 285 474 apple 0
256 245 346 245 346 371 256 371 sausages 0
218 110 324 110 324 293 218 293 cereal 0
1 79 286 79 286 366 1 366 potato_chips 0
352 57 424 57 424 184 352 184 orange_juice 0
389 199 474 199 474 272 389 272 scrubby 0
420 156 479 156 479 224 420 224 orange 0
285 170 411 170 411 274 285 274 crackers 0
41 0 116 0 116 106 41 106 orange_juice 0
93 1 171 1 171 93 93 93 grape_juice 0
66 242 309 242 309 593 66 593 cloth_opl 0