195 66 324 66 324 306 195 306 pringles 0
358 169 437 169 437 274 358 274 scrubby 0
400 245 639 245 639 454 400 454 cloth_opl 0
443 404 536 404 536 515 443 515 orange_juice 0
513 420 638 420 638 595 513 595 sponge_opl 0
339 469 516 469 516 637 339 637 crackers 0
298 474 375 474 375 568 298 568 sausages 0
238 596 329 596 329 640 238 640 paprika 0
131 539 274 539 274 640 131 640 cereal 0
109 295 225 295 225 434 109 434 chocolate_drink 0
32 157 93 157 93 229 32 229 orange 0
73 415 171 415 171 514 73 514 coke 0
28 448 134 448 134 556 28 556 sprite 0
0 105 55 105 55 180 0 180 coke 0
110 67 183 67 183 142 110 142 scrubby 0