307 53 412 53 412 278 307 278 pringles 0
200 175 267 175 267 271 200 271 scrubby 0
17 277 244 277 244 458 17 458 cloth_opl 0
142 414 223 414 223 515 142 515 orange_juice 0
29 448 162 448 162 606 29 606 sponge_opl 0
177 467 335 467 335 639 177 639 crackers 0
304 454 371 454 371 540 304 540 sausages 0
361 562 445 562 445 636 361 636 paprika 0
411 495 541 495 541 605 411 605 cereal 0
424 255 524 255 524 382 424 382 chocolate_drink 0
522 105 575 105 575 170 522 170 orange 0
488 362 576 362 576 449 488 449 coke 0
530 385 623 385 623 482 530 482 sprite 0
550 49 603 49 603 118 550 118 coke 0
423 34 487 34 487 102 423 102 scrubby 0