335 51 466 51 466 288 335 288 pringles 0
225 150 304 150 304 253 225 253 scrubby 0
11 219 261 219 261 428 11 428 cloth_opl 0
125 377 220 377 220 487 125 487 orange_juice 0
5 389 151 389 151 563 5 563 sponge_opl 0
138 441 319 441 319 640 138 640 crackers 0
282 449 359 449 359 543 282 543 sausages 0
322 569 416 569 416 640 322 640 paprika 0
379 515 522 515 522 640 379 640 cereal 0
430 277 547 277 547 416 430 416 chocolate_drink 0
563 145 623 145 623 216 563 216 orange 0
482 395 581 395 581 493 482 493 coke 0
518 428 624 428 624 536 518 536 sprite 0
599 95 640 95 640 170 599 170 coke 0
476 55 547 55 547 130 476 130 scrubby 0