14 456 150 456 150 632 14 632 sprite 0
42 193 170 193 170 416 42 416 chocolate_drink 0
341 331 458 331 458 479 341 479 paprika 0
504 339 592 339 592 455 504 455 apple 0
572 460 637 460 637 567 572 567 orange 0
330 456 558 456 558 639 330 639 noodles 0
492 151 593 151 593 316 492 316 grape_juice 0
433 97 515 97 515 201 433 201 sponge_opl 0
377 77 438 77 438 223 377 223 orange_juice 0
308 251 381 251 381 338 308 338 sausages 0
195 50 278 50 278 117 195 117 scrubby 0
196 378 368 378 368 612 196 612 cereal 0