459 483 612 483 612 640 459 640 sprite 0
463 210 620 210 620 452 463 452 chocolate_drink 0
159 321 295 321 295 485 159 485 paprika 0
22 315 125 315 125 443 22 443 apple 0
0 435 40 435 40 552 0 552 orange 0
39 439 290 439 290 636 39 636 noodles 0
39 121 160 121 160 301 39 301 grape_juice 0
131 72 227 72 227 188 131 188 sponge_opl 0
210 60 288 60 288 216 210 216 orange_juice 0
255 246 338 246 338 343 255 343 sausages 0
387 50 480 50 480 128 387 128 scrubby 0
235 380 437 380 437 638 235 638 cereal 0