0 432 108 432 108 614 0 614 sprite 0
23 162 157 162 157 394 23 394 chocolate_drink 0
321 336 443 336 443 490 321 490 paprika 0
491 361 582 361 582 482 491 482 apple 0
548 494 629 494 629 606 548 606 orange 0
293 470 531 470 531 640 293 640 noodles 0
496 166 601 166 601 338 496 338 grape_juice 0
445 102 531 102 531 211 445 211 sponge_opl 0
387 75 450 75 450 227 387 227 orange_juice 0
300 248 376 248 376 339 300 339 sausages 0
205 29 292 29 292 99 205 99 scrubby 0
162 373 341 373 341 617 162 617 cereal 0