93 53 176 53 176 257 93 257 chocolate_drink 0
601 57 635 57 635 238 601 238 chocolate_drink 0
438 102 504 102 504 255 438 255 cereal 0
332 74 477 74 477 420 332 420 pringles 0
305 202 361 202 361 306 305 306 paprika 0
216 161 277 161 277 283 216 283 orange_juice 0
256 153 302 153 302 243 256 243 sausages 0
184 177 225 177 225 248 184 248 apple 0
81 256 206 256 206 346 81 346 crackers 0
60 371 194 371 194 543 60 543 sponge_opl 0
18 492 361 492 361 640 18 640 cloth_opl 0
350 312 638 312 638 640 350 640 potato_chips 0