481 41 567 41 567 245 481 245 chocolate_drink 0
8 33 58 33 58 215 8 215 chocolate_drink 0
152 82 221 82 221 235 152 235 cereal 0
177 55 326 55 326 402 177 402 pringles 0
294 186 352 186 352 289 294 289 paprika 0
379 146 441 146 441 269 379 269 orange_juice 0
355 138 402 138 402 227 355 227 sausages 0
431 163 473 163 473 235 431 235 apple 0
448 243 573 243 573 334 448 334 crackers 0
456 359 592 359 592 532 456 532 sponge_opl 0
285 476 625 476 625 640 285 640 cloth_opl 0
0 289 301 289 301 632 0 632 potato_chips 0