466 48 560 48 560 252 466 252 chocolate_drink 0
10 26 58 26 58 205 10 205 chocolate_drink 0
143 77 218 77 218 230 143 230 cereal 0
160 53 322 53 322 398 160 398 pringles 0
280 184 342 184 342 288 280 288 paprika 0
364 148 431 148 431 271 364 271 orange_juice 0
343 139 393 139 393 228 343 228 sausages 0
417 167 462 167 462 239 417 239 apple 0
430 247 557 247 557 340 430 340 crackers 0
429 362 570 362 570 536 429 536 sponge_opl 0
254 472 603 472 603 640 254 640 cloth_opl 0
0 277 286 277 286 625 0 625 potato_chips 0