70 18 162 18 162 212 70 212 chocolate_drink 0
60 209 187 209 187 296 60 296 crackers 0
26 312 170 312 170 490 26 490 sponge_opl 0
306 265 640 265 640 600 306 600 potato_chips 0
418 63 487 63 487 223 418 223 cereal 0
278 159 336 159 336 273 278 273 paprika 0
295 22 442 22 442 369 295 369 pringles 0
237 114 289 114 289 204 237 204 sausages 0
189 114 260 114 260 253 189 253 orange_juice 0
179 212 270 212 270 399 179 399 grape_juice 0
168 136 204 136 204 208 168 208 apple 0
590 28 631 28 631 211 590 211 chocolate_drink 0