62 54 156 54 156 248 62 248 chocolate_drink 0
59 241 181 241 181 329 59 329 crackers 0
29 342 171 342 171 516 29 516 sponge_opl 0
295 273 640 273 640 610 295 610 potato_chips 0
397 90 468 90 468 245 397 245 cereal 0
266 188 325 188 325 299 266 299 paprika 0
279 54 429 54 429 389 279 389 pringles 0
225 147 277 147 277 235 225 235 sausages 0
180 148 251 148 251 282 180 282 orange_juice 0
173 242 264 242 264 423 173 423 grape_juice 0
160 170 196 170 196 241 160 241 apple 0
561 48 630 48 630 227 561 227 chocolate_drink 0