67 42 167 42 167 237 67 237 chocolate_drink 0
66 229 190 229 190 318 66 318 crackers 0
37 329 183 329 183 506 37 506 sponge_opl 0
301 261 637 261 637 601 301 601 potato_chips 0
403 78 478 78 478 234 403 234 cereal 0
273 176 334 176 334 287 273 287 paprika 0
282 40 441 40 441 378 282 378 pringles 0
232 135 286 135 286 223 232 223 sausages 0
186 136 261 136 261 272 186 272 orange_juice 0
179 229 275 229 275 412 179 412 grape_juice 0
167 158 205 158 205 229 167 229 apple 0
566 38 625 38 625 216 566 216 chocolate_drink 0