453 105 556 105 556 202 453 202 sponge_opl 0
406 94 482 94 482 275 406 275 grape_juice 0
231 280 640 280 640 640 231 640 potato_chips 0
289 2 460 2 460 401 289 401 pringles 0
267 85 335 85 335 240 267 240 orange_juice 0
220 191 328 191 328 331 220 331 paprika 0
2 288 172 288 172 513 2 513 cereal 0
99 261 171 261 171 344 99 344 orange 0
168 230 245 230 245 327 168 327 scrubby 0
169 149 242 149 242 247 169 247 sausages 0
222 115 279 115 279 196 222 196 apple 0
225 4 297 4 297 144 225 144 chocolate_drink 0