117 118 223 118 223 220 117 220 sponge_opl 0
187 113 271 113 271 297 187 297 grape_juice 0
0 284 435 284 435 640 0 640 potato_chips 0
204 21 393 21 393 429 204 429 pringles 0
336 114 411 114 411 272 336 272 orange_juice 0
339 220 452 220 452 367 339 367 paprika 0
487 330 640 330 640 556 487 556 cereal 0
495 301 571 301 571 388 495 388 orange 0
422 265 504 265 504 366 422 366 scrubby 0
429 184 507 184 507 285 429 285 sausages 0
395 148 455 148 455 231 395 231 apple 0
379 16 461 16 461 178 379 178 chocolate_drink 0