468 120 570 120 570 215 468 215 sponge_opl 0
421 106 492 106 492 288 421 288 grape_juice 0
236 303 640 303 640 640 236 640 potato_chips 0
306 10 466 10 466 413 306 413 pringles 0
281 94 345 94 345 250 281 250 orange_juice 0
230 201 334 201 334 340 230 340 paprika 0
2 293 171 293 171 516 2 516 cereal 0
104 266 176 266 176 348 104 348 orange 0
175 238 251 238 251 334 175 334 scrubby 0
179 156 251 156 251 252 179 252 sausages 0
234 123 289 123 289 203 234 203 apple 0
240 1 309 1 309 150 240 150 chocolate_drink 0