482 88 636 88 636 295 482 295 cloth_opl 0
422 83 512 83 512 171 422 171 sponge_opl 0
254 251 640 251 640 640 254 640 potato_chips 0
4 346 167 346 167 560 4 560 cereal 0
76 296 147 296 147 382 76 382 orange 0
263 2 445 2 445 396 263 396 pringles 0
383 79 451 79 451 259 383 259 grape_juice 0
197 201 311 201 311 345 197 345 paprika 0
140 243 228 243 228 353 140 353 scrubby 0
134 167 209 167 209 278 134 278 sausages 0
231 88 309 88 309 249 231 249 orange_juice 0
169 13 248 13 248 158 169 158 chocolate_drink 0
178 133 242 133 242 210 178 210 apple 0