468 179 629 179 629 364 468 364 cloth_opl 0
423 156 501 156 501 232 423 232 sponge_opl 0
206 318 625 318 625 638 206 638 potato_chips 0
2 314 113 314 113 503 2 503 cereal 0
65 273 125 273 125 348 65 348 orange 0
278 49 413 49 413 415 278 415 pringles 0
384 138 431 138 431 305 384 305 grape_juice 0
190 217 285 217 285 344 190 344 paprika 0
132 241 206 241 206 337 132 337 scrubby 0
144 169 206 169 206 267 144 267 sausages 0
246 116 305 116 305 263 246 263 orange_juice 0
207 0 272 0 272 168 207 168 chocolate_drink 0
194 146 247 146 247 214 194 214 apple 0