442 130 609 130 609 316 442 316 cloth_opl 0
388 127 467 127 467 204 388 204 sponge_opl 0
232 278 640 278 640 640 232 640 potato_chips 0
6 354 147 354 147 543 6 543 cereal 0
72 309 134 309 134 384 72 384 orange 0
248 46 402 46 402 404 248 404 pringles 0
354 121 410 121 410 283 354 283 grape_juice 0
183 228 282 228 282 355 183 355 paprika 0
131 264 208 264 208 360 131 360 scrubby 0
128 195 193 195 193 292 128 292 sausages 0
217 126 284 126 284 270 217 270 orange_juice 0
156 15 231 15 231 186 156 186 chocolate_drink 0
168 165 224 165 224 233 168 233 apple 0