0 238 426 238 426 640 0 640 potato_chips 0
267 26 461 26 461 434 267 434 pringles 0
511 431 618 431 618 639 511 639 cereal 0
559 364 632 364 632 459 559 459 orange 0
479 298 579 298 579 412 479 412 scrubby 0
400 243 517 243 517 401 400 401 paprika 0
512 224 597 224 597 333 512 333 sausages 0
487 176 559 176 559 265 487 265 apple 0
413 126 506 126 506 287 413 287 orange_juice 0
485 38 588 38 588 207 485 207 chocolate_drink 0
229 96 316 96 316 189 229 189 sponge_opl 0
80 81 254 81 254 283 80 283 cloth_opl 0