0 315 387 315 387 640 0 640 potato_chips 0
240 49 364 49 364 440 240 440 pringles 0
527 398 640 398 640 597 527 597 cereal 0
538 328 606 328 606 414 538 414 orange 0
449 280 531 280 531 381 449 381 scrubby 0
369 242 460 242 460 385 369 385 paprika 0
464 201 532 201 532 300 464 300 sausages 0
426 161 483 161 483 241 426 241 apple 0
357 125 423 125 423 276 357 276 orange_juice 0
409 2 484 2 484 182 409 182 chocolate_drink 0
158 137 231 137 231 219 158 219 sponge_opl 0
30 151 172 151 172 329 30 329 cloth_opl 0