0 270 394 270 394 640 0 640 potato_chips 0
255 55 409 55 409 421 255 421 pringles 0
490 405 625 405 625 597 490 597 cereal 0
523 343 594 343 594 427 523 427 orange 0
446 289 533 289 533 388 446 388 scrubby 0
374 245 472 245 472 383 374 383 paprika 0
472 218 544 218 544 315 472 315 sausages 0
446 179 506 179 506 256 446 256 apple 0
379 137 455 137 455 281 379 281 orange_juice 0
441 20 529 20 529 202 441 202 chocolate_drink 0
206 126 281 126 281 206 206 206 sponge_opl 0
76 123 224 123 224 299 76 299 cloth_opl 0