395 178 601 178 601 490 395 490 pringles 0
278 250 448 250 448 372 278 372 potato_chips 0
333 360 433 360 433 418 333 418 scrubby 0
254 364 351 364 351 459 254 459 sausages 0
259 426 445 426 445 543 259 543 crackers 0
310 496 461 496 461 623 310 623 orange 0
36 518 262 518 262 640 36 640 sponge_opl 0
24 468 128 468 128 577 24 577 cloth_opl 0
31 344 129 344 129 483 31 483 orange_juice 0
95 403 242 403 242 540 95 540 paprika 0
184 328 274 328 274 451 184 451 grape_juice 0
112 279 202 279 202 422 112 422 chocolate_drink 0