415 215 579 215 579 498 415 498 pringles 0
295 268 448 268 448 367 295 367 potato_chips 0
333 373 426 373 426 417 333 417 scrubby 0
258 365 342 365 342 446 258 446 sausages 0
252 436 422 436 422 528 252 528 crackers 0
291 504 424 504 424 610 291 610 orange 0
0 500 229 500 229 640 0 640 sponge_opl 0
0 435 115 435 115 531 0 531 cloth_opl 0
49 317 130 317 130 442 49 442 orange_juice 0
101 388 229 388 229 504 101 504 paprika 0
197 320 271 320 271 431 197 431 grape_juice 0
136 264 206 264 206 395 136 395 chocolate_drink 0