404 243 585 243 585 534 404 534 pringles 0
295 280 454 280 454 385 295 385 potato_chips 0
325 387 420 387 420 435 325 435 scrubby 0
247 370 336 370 336 455 247 455 sausages 0
232 443 407 443 407 542 232 542 crackers 0
261 515 400 515 400 626 261 626 orange 0
0 476 205 476 205 630 0 630 sponge_opl 0
0 404 100 404 100 506 0 506 cloth_opl 0
42 292 128 292 128 421 42 421 orange_juice 0
84 372 219 372 219 495 84 495 paprika 0
190 315 269 315 269 430 190 430 grape_juice 0
133 250 212 250 212 384 133 384 chocolate_drink 0