437 249 636 249 636 560 437 560 pringles 0
349 394 448 394 448 448 349 448 scrubby 0
300 274 500 274 500 394 300 394 potato_chips 0
266 376 360 376 360 465 266 465 sausages 0
250 457 446 457 446 571 250 571 crackers 0
310 536 461 536 461 640 310 640 orange 0
6 485 243 485 243 629 6 629 sponge_opl 0
5 405 118 405 118 535 5 535 cloth_opl 0
97 369 252 369 252 518 97 518 paprika 0
199 310 296 310 296 441 199 441 grape_juice 0
127 239 221 239 221 393 127 393 chocolate_drink 0
39 288 137 288 137 427 39 427 orange_juice 0