421 189 629 189 629 500 421 500 pringles 0
355 377 454 377 454 436 355 436 scrubby 0
278 263 475 263 475 391 278 391 potato_chips 0
278 388 373 388 373 480 278 480 sausages 0
291 448 485 448 485 570 291 570 crackers 0
374 510 525 510 525 632 374 632 orange 0
53 552 313 552 313 640 53 640 sponge_opl 0
37 503 169 503 169 634 37 634 cloth_opl 0
127 426 284 426 284 579 127 579 paprika 0
200 348 300 348 300 480 200 480 grape_juice 0
114 308 213 308 213 462 114 462 chocolate_drink 0
48 382 150 382 150 522 48 522 orange_juice 0