6 218 182 218 182 522 6 522 pringles 0
177 390 274 390 274 438 177 438 scrubby 0
145 276 338 276 338 384 145 384 potato_chips 0
265 388 353 388 353 473 265 473 sausages 0
162 464 351 464 351 568 162 568 crackers 0
131 533 274 533 274 636 131 636 orange 0
352 544 623 544 623 638 352 638 sponge_opl 0
492 473 630 473 630 596 492 596 cloth_opl 0
368 412 513 412 513 553 368 553 paprika 0
339 336 426 336 426 464 339 464 grape_juice 0
424 282 507 282 507 433 424 433 chocolate_drink 0
497 348 585 348 585 483 497 483 orange_juice 0