0 450 318 450 318 640 0 640 sponge_opl 0
372 507 549 507 549 638 372 638 orange 0
459 215 640 215 640 530 459 530 pringles 0
269 421 521 421 521 560 269 560 crackers 0
111 337 290 337 290 497 111 497 paprika 0
0 369 133 369 133 527 0 527 cloth_opl 0
23 244 141 244 141 400 23 400 orange_juice 0
111 192 224 192 224 365 111 365 chocolate_drink 0
201 272 299 272 299 382 201 382 grape_juice 0
278 341 376 341 376 440 278 440 sausages 0
359 360 460 360 460 419 359 419 scrubby 0
291 238 517 238 517 369 291 369 potato_chips 0