22 500 356 500 356 640 22 640 sponge_opl 0
403 456 574 456 574 589 403 589 orange 0
426 149 638 149 638 454 426 454 pringles 0
280 398 525 398 525 524 280 524 crackers 0
115 375 287 375 287 525 115 525 paprika 0
11 451 150 451 150 596 11 596 cloth_opl 0
7 324 119 324 119 472 7 472 orange_juice 0
77 249 184 249 184 415 77 415 chocolate_drink 0
174 301 268 301 268 405 174 405 grape_juice 0
263 343 358 343 358 436 263 436 sausages 0
338 336 436 336 436 391 338 391 scrubby 0
247 226 466 226 466 346 247 346 potato_chips 0