3 490 331 490 331 640 3 640 sponge_opl 0
395 498 557 498 557 619 395 619 orange 0
464 202 640 202 640 495 464 495 pringles 0
282 428 521 428 521 535 282 535 crackers 0
124 363 285 363 285 501 124 501 paprika 0
2 411 137 411 137 548 2 548 cloth_opl 0
27 282 128 282 128 424 27 424 orange_juice 0
108 220 202 220 202 381 108 381 chocolate_drink 0
198 290 285 290 285 388 198 388 grape_juice 0
280 349 367 349 367 436 280 436 sausages 0
356 358 451 358 451 405 356 405 scrubby 0
281 247 494 247 494 351 281 351 potato_chips 0