0 231 100 231 100 388 0 388 coke 0
4 178 112 178 112 324 4 324 sprite 0
51 168 130 168 130 263 51 263 sausages 0
64 91 142 91 142 186 64 186 sausages 0
149 26 223 26 223 149 149 149 sprite 0
126 21 186 21 186 129 126 129 coke 0
282 0 341 0 341 96 282 96 orange_juice 0
179 50 452 50 452 285 179 285 potato_chips 0
330 403 448 403 448 486 330 486 scrubby 0
417 413 534 413 534 577 417 577 sausages 0
486 315 631 315 631 538 486 538 grape_juice 0
529 125 640 125 640 384 529 384 chocolate_drink 0
83 362 360 362 360 640 83 640 pringles 0