557 238 639 238 639 392 557 392 coke 0
546 185 639 185 639 331 546 331 sprite 0
528 175 607 175 607 271 528 271 sausages 0
517 99 595 99 595 194 517 194 sausages 0
436 35 511 35 511 158 436 158 sprite 0
473 22 536 22 536 138 473 138 coke 0
316 0 379 0 379 107 316 107 orange_juice 0
206 61 481 61 481 295 206 295 potato_chips 0
210 414 328 414 328 497 210 497 scrubby 0
123 426 241 426 241 590 123 590 sausages 0
26 328 173 328 173 551 26 551 grape_juice 0
0 135 128 135 128 397 0 397 chocolate_drink 0
296 372 574 372 574 638 296 638 pringles 0