544 220 640 220 640 366 544 366 coke 0
529 171 624 171 624 306 529 306 sprite 0
506 162 576 162 576 251 506 251 sausages 0
488 90 558 90 558 177 488 177 sausages 0
406 33 470 33 470 149 406 149 sprite 0
440 13 492 13 492 128 440 128 coke 0
287 2 339 2 339 110 287 110 orange_juice 0
194 75 447 75 447 284 194 284 potato_chips 0
220 417 330 417 330 488 220 488 scrubby 0
144 433 247 433 247 585 144 585 sausages 0
47 345 173 345 173 554 47 554 grape_juice 0
1 162 112 162 112 410 1 410 chocolate_drink 0
317 366 567 366 567 640 317 640 pringles 0