250 409 364 409 364 484 250 484 scrubby 0
179 439 292 439 292 606 179 606 sausages 0
0 188 113 188 113 463 0 463 chocolate_drink 0
66 364 203 364 203 592 66 592 grape_juice 0
359 276 621 276 621 637 359 637 pringles 0
552 143 636 143 636 287 552 287 coke 0
519 100 613 100 613 234 519 234 sprite 0
493 98 554 98 554 186 493 186 sausages 0
458 31 530 31 530 122 458 122 sausages 0
365 2 431 2 431 114 365 114 sprite 0
401 2 447 2 447 90 401 90 coke 0
236 4 292 4 292 99 236 99 orange_juice 0
167 67 439 67 439 278 167 278 potato_chips 0