316 415 424 415 424 477 316 477 scrubby 0
400 437 495 437 495 591 400 591 sausages 0
561 170 640 170 640 433 561 433 chocolate_drink 0
486 352 599 352 599 566 486 566 grape_juice 0
79 307 304 307 304 640 79 640 pringles 0
13 181 98 181 98 316 13 316 coke 0
46 135 127 135 127 260 46 260 sprite 0
99 129 151 129 151 211 99 211 sausages 0
116 59 179 59 179 144 116 144 sausages 0
212 13 267 13 267 126 212 126 sprite 0
195 0 230 0 230 107 195 107 coke 0
348 0 394 0 394 99 348 99 orange_juice 0
220 85 471 85 471 268 220 268 potato_chips 0