286 410 407 410 407 491 286 491 scrubby 0
375 421 498 421 498 594 375 594 sausages 0
498 120 640 120 640 406 498 406 chocolate_drink 0
449 319 601 319 601 556 449 556 grape_juice 0
26 318 308 318 308 640 26 640 pringles 0
1 222 46 222 46 366 1 366 coke 0
1 170 67 170 67 308 1 308 sprite 0
18 160 85 160 85 252 18 252 sausages 0
24 85 102 85 102 181 24 181 sausages 0
116 25 188 25 188 147 116 147 sprite 0
96 26 148 26 148 130 96 130 coke 0
253 0 315 0 315 98 253 98 orange_juice 0
134 65 422 65 422 291 134 291 potato_chips 0