337 215 557 215 557 638 337 638 pringles 0
489 305 583 305 583 490 489 490 cereal 0
229 364 341 364 341 434 229 434 scrubby 0
163 384 266 384 266 532 163 532 sausages 0
64 302 178 302 178 521 64 521 grape_juice 0
2 148 97 148 97 410 2 410 chocolate_drink 0
6 533 150 533 150 634 6 634 paprika 0
165 533 335 533 335 639 165 639 crackers 0
178 69 417 69 417 259 178 259 potato_chips 0
454 60 512 60 512 138 454 138 sausages 0
480 118 537 118 537 187 480 187 sausages 0
533 152 610 152 610 285 533 285 coke 0
507 111 582 111 582 232 507 232 sprite 0