279 186 588 186 588 640 279 640 pringles 0
469 309 602 309 602 522 469 522 cereal 0
199 326 330 326 330 419 199 419 scrubby 0
110 337 245 337 245 511 110 511 sausages 0
5 231 164 231 164 483 5 483 grape_juice 0
1 61 104 61 104 349 1 349 chocolate_drink 0
6 474 95 474 95 597 6 597 paprika 0
95 497 295 497 295 636 95 636 crackers 0
174 0 461 0 461 242 174 242 potato_chips 0
492 37 568 37 568 130 492 130 sausages 0
511 105 584 105 584 188 511 188 sausages 0
552 151 640 151 640 305 552 305 coke 0
535 103 634 103 634 244 535 244 sprite 0