63 184 315 184 315 633 63 633 pringles 0
53 266 160 266 160 457 53 457 cereal 0
295 360 411 360 411 438 295 438 scrubby 0
359 391 472 391 472 545 359 545 sausages 0
449 322 578 322 578 548 449 548 grape_juice 0
546 181 640 181 640 448 546 448 chocolate_drink 0
455 554 611 554 611 637 455 637 paprika 0
271 529 448 529 448 638 271 638 crackers 0
251 60 501 60 501 270 251 270 potato_chips 0
170 32 233 32 233 115 170 115 sausages 0
138 86 200 86 200 159 138 159 sausages 0
53 110 140 110 140 248 53 248 coke 0
88 73 171 73 171 199 88 199 sprite 0